1  0.9805
 2  0.9805
 3  0.9805
 4  0.9805
 5  0.9805
 6  0.9805
 7  0.9805
 8  0.9805
 9  0.9805
 10  0.9805
 11  0.9805
 12  0.9805
 13  0.8803
 14  0.8803
 15  0.8803
 16  0.8803
 17  0.8803
 18  0.8803
 19  0.8803
 20  0.8803
 21  0.8803
 22  0.8803
 23  0.8803
 24  0.8803
 25  0.8803
 26  0.8803
 27  0.8803
 28  0.8803
 29  0.8803
 30  0.8803
 31  0.8803
 32  0.8803
 33  0.8803
 34  0.8803
 35  0.8803
 36  0.8803
 37  0.8803
 38  0.8803
 39  0.8803
 40  0.8803
 41  0.8803
 42  0.8803
 43  0.8803
 44  0.8803
 45  0.8803
 46  0.8803
 47  0.8803
 48  0.8803
 49  0.8803
 50  0.8803
 51  0.8803
 52  0.8803
 53  0.8803
 54  0.8803
 55  0.8803
 56  0.8803
 57  0.8803
 58  0.8803
 59  0.8803
 60  0.8803
 61  0.8803
 62  0.8803
 63  0.8803
 64  0.8803
 65  0.8803
 66  0.8803
 67  0.8803
 68  0.8803
 69  0.8803
 70  0.8803
 71  0.8803
 72  0.8803
 73  0.8803
 74  0.8803
 75  0.8803
 76  0.8803
 77  0.8803
 78  0.8803
 79  0.8803
 80  0.8803
 81  0.8803
 82  0.8803
 83  0.8803
 84  0.8803
 85  0.8803
 86  0.8803
 87  0.8803
 88  0.8803
 89  0.8803
 90  0.8803
 91  0.8803
 92  0.8803
 93  0.8803
 94  0.8803
 95  0.8803
 96  0.8803
 97  0.8803
 98  0.8803
 99  0.8803
 100  0.8327
 101  0.8327
 102  0.8327
 103  0.8327
 104  0.8327
 105  0.8327
 106  0.8327
 107  0.8327
 108  0.8327
 109  0.8327
 110  0.8327
 111  0.8327
 112  0.8327
 113  0.8327
 114  0.8327
 115  0.8327
 116  0.8327
 117  0.8327
 118  0.8327
 119  0.8327
 120  0.8327
 121  0.8327
 122  0.8327
 123  0.8327
 124  0.8327
 125  0.8327
 126  0.8327
 127  0.8327
 128  0.8327
 129  0.8327
 130  0.8327
 131  0.8327
 132  0.8327
 133  0.8327
 134  0.8327
 135  0.8327
 136  0.8327
 137  0.8327
 138  0.8327
 139  0.8327
 140  0.8327
 141  0.8327
 142  0.8327
 143  0.8327
 144  0.8327
 145  0.8327
 146  0.8327
 147  0.8327
 148  0.8327
 149  0.8327
 150  0.8327
 151  0.8327
 152  0.8327
 153  0.8327
 154  0.8327
 155  0.8327
 156  0.8327
 157  0.8327
 158  0.8327
 159  0.8327
 160  0.8327
 161  0.8327
 162  0.8327
 163  0.8327
 164  0.8327
 165  0.8327
 166  0.8327
 167  0.8327
 168  0.8327
 169  0.8327
 170  0.8327
 171  0.8327
 172  0.8327
 173  0.8327
 174  0.8327
 175  0.8327
 176  0.8327
 177  0.8327
 178  0.8327
 179  0.8327
 180  0.8327
 181  0.8327
 182  0.8327
 183  0.8327
 184  0.8327
 185  0.8327
 186  0.8327
 187  0.8327
 188  0.8327
 189  0.8327
 190  0.8327
 191  0.8327
 192  0.8327
 193  0.8327
 194  0.8327
 195  0.8327
 196  0.8327
 197  0.8327
 198  0.8327
 199  0.8327
 200  0.8327
 201  0.8327
 202  0.8327
 203  0.8327
 204  0.8327
 205  0.8327
 206  0.8327
 207  0.8327
 208  0.8327
 209  0.8327
 210  0.8327
 211  0.8327
 212  0.8327
 213  0.8327
 214  0.8327
 215  0.8327
 216  0.8327
 217  0.8327
 218  0.8327
 219  0.8327
 220  0.8327
 221  0.8327
 222  0.8327
 223  0.8292
 224  0.8292
 225  0.8292
 226  0.8292
 227  0.8292
 228  0.8292
 229  0.8292
 230  0.8292
 231  0.8292
 232  0.8292
 233  0.8292
 234  0.8292
 235  0.8292
 236  0.8292
 237  0.8292
 238  0.8292
 239  0.8292
 240  0.8292
 241  0.8292
 242  0.8292
 243  0.8292
 244  0.8292
 245  0.8292
 246  0.8292
 247  0.8292
 248  0.8292
 249  0.8292
 250  0.8292
 251  0.8292
 252  0.8292
 253  0.8292
 254  0.8292
 255  0.8292
 256  0.8292
 257  0.8292
 258  0.8292
 259  0.8292
 260  0.8292
 261  0.8292
 262  0.8292
 263  0.8292
 264  0.8292
 265  0.8292
 266  0.8292
 267  0.8292
 268  0.8292
 269  0.8292
 270  0.8292
 271  0.8292
 272  0.8292
 273  0.8292
 274  0.8292
 275  0.8292
 276  0.8292
 277  0.8292
 278  0.8292
 279  0.8292
 280  0.8292
 281  0.8292
 282  0.8292
 283  0.8292
 284  0.8292
 285  0.8292
 286  0.8292
 287  0.8292
 288  0.8292
 289  0.8292
 290  0.8292
 291  0.8292
 292  0.8292
 293  0.8292
 294  0.8292
 295  0.8292
 296  0.8292
 297  0.8292
 298  0.8292
 299  0.8292
 300  0.8292
 301  0.8292
 302  0.8292
 303  0.8292
 304  0.8292
 305  0.8292
 306  0.8292
 307  0.8292
 308  0.8292
 309  0.8292
 310  0.8292
 311  0.8292
 312  0.8292
 313  0.8292
 314  0.8292
 315  0.8292
 316  0.8292
 317  0.8292
 318  0.8292
 319  0.8292
 320  0.8074
 321  0.8074
 322  0.8074
 323  0.8074
 324  0.8074
 325  0.8074
 326  0.8074
 327  0.8074
 328  0.8074
 329  0.8074
 330  0.8074
 331  0.8074
 332  0.8074
 333  0.8074
 334  0.8074
 335  0.8074
 336  0.8074
 337  0.8074
 338  0.8074
 339  0.8074
 340  0.8074
 341  0.8074
 342  0.8074
 343  0.8074
 344  0.8074
 345  0.8074
 346  0.8074
 347  0.8074
 348  0.8074
 349  0.8074
 350  0.8074
 351  0.8074
 352  0.8074
 353  0.8074
 354  0.8074
 355  0.8074
 356  0.8074
 357  0.8074
 358  0.8074
 359  0.8074
 360  0.8074
 361  0.8074
 362  0.8074
 363  0.8074
 364  0.8074
 365  0.8074
 366  0.8074
 367  0.8074
 368  0.8074
 369  0.8074
 370  0.8074
 371  0.8074
 372  0.8074
 373  0.8074
 374  0.8074
 375  0.8074
 376  0.8074
 377  0.8074
 378  0.8074
 379  0.8074
 380  0.8074
 381  0.8074
 382  0.8074
 383  0.8074
 384  0.8074
 385  0.8074
 386  0.8074
 387  0.8074
 388  0.8074
 389  0.8074
 390  0.8074
 391  0.8074
 392  0.8074
 393  0.8074
 394  0.8074
 395  0.8074
 396  0.8074
 397  0.8074
 398  0.8074
 399  0.8074
 400  0.8074
 401  0.8074
 402  0.8074
 403  0.8074
 404  0.8074
 405  0.8074
 406  0.8074
 407  0.8074
 408  0.8074
 409  0.8074
 410  0.8074
 411  0.8074
 412  0.8074
 413  0.8074
 414  0.8074
 415  0.8074
 416  0.8074
 417  0.8074
 418  0.8074
 419  0.8074
 420  0.8074
 421  0.8074
 422  0.8074
 423  0.8074
 424  0.8074
 425  0.8074
 426  0.8074
 427  0.8074
 428  0.8074
 429  0.8074
 430  0.8074
 431  0.8074
 432  0.8074
 433  0.8074
 434  0.8074
 435  0.7781
 436  0.7781
 437  0.7781
 438  0.7781
 439  0.7781
 440  0.7781
 441  0.7781
 442  0.7781
 443  0.7781
 444  0.7781
 445  0.7781
 446  0.7781
 447  0.7781
 448  0.7781
 449  0.7781
 450  0.7781
 451  0.7781
 452  0.7781
 453  0.7781
 454  0.7781
 455  0.7781
 456  0.7781
 457  0.7781
 458  0.7781
 459  0.7781
 460  0.7781
 461  0.7781
 462  0.7781
 463  0.7781
 464  0.7781
 465  0.7781
 466  0.7781
 467  0.7781
 468  0.7781
 469  0.7781
 470  0.7781
 471  0.7781
 472  0.7781
 473  0.7781
 474  0.7781
 475  0.7781
 476  0.7781
 477  0.7781
 478  0.7781
 479  0.7781
 480  0.7781
 481  0.7781
 482  0.7781
 483  0.7781
 484  0.7781
 485  0.7781
 486  0.7781
 487  0.7781
 488  0.7781
 489  0.7781
 490  0.7781
 491  0.7781
 492  0.7781
 493  0.7781
 494  0.7781
 495  0.7781
 496  0.7781
 497  0.7781
 498  0.7781
 499  0.7781
 500  0.7781
 501  0.7781
 502  0.7781
 503  0.7781
 504  0.7781
 505  0.7781
 506  0.7781
 507  0.7781
 508  0.7781
 509  0.7781
 510  0.7781
 511  0.7781
 512  0.7781
 513  0.7781
 514  0.7781
 515  0.7781
 516  0.7781
 517  0.7781
 518  0.7781
 519  0.7781
 520  0.7781
 521  0.7781
 522  0.7781
 523  0.7781
 524  0.7781
 525  0.7781
 526  0.7781
 527  0.7781
 528  0.7781
 529  0.7781
 530  0.7781
 531  0.7781
 532  0.7781
 533  0.7781
 534  0.7781
 535  0.7781
 536  0.7781
 537  0.7781
 538  0.7781
 539  0.7781
 540  0.7781
 541  0.7781
 542  0.7781
 543  0.7781
 544  0.7781
 545  0.7781
 546  0.7781
 547  0.7781
 548  0.7781
 549  0.7781
 550  0.7781
 551  0.7781
 552  0.7781
 553  0.7781
 554  0.7781
 555  0.7781
 556  0.7781
 557  0.7781
 558  0.7781
 559  0.7781
 560  0.7781
 561  0.7781
 562  0.7781
 563  0.7781
 564  0.7781
 565  0.7781
 566  0.7781
 567  0.7781
 568  0.7781
 569  0.7781
 570  0.7781
 571  0.7781
 572  0.7781
 573  0.7781
 574  0.7781
 575  0.7781
 576  0.7781
 577  0.7781
 578  0.7781
 579  0.7781
 580  0.7781
 581  0.7781
 582  0.7781
 583  0.7781
 584  0.7781
 585  0.7781
 586  0.7781
 587  0.7781
 588  0.7781
 589  0.7781
 590  0.7781
 591  0.7781
 592  0.7781
 593  0.7781
 594  0.7781
 595  0.7781
 596  0.7781
 597  0.7781
 598  0.7781
 599  0.7781
 600  0.7781
 601  0.7781
 602  0.7781
 603  0.7781
 604  0.7781
 605  0.7781
 606  0.7781
 607  0.7781
 608  0.7781
 609  0.7781
 610  0.7781
 611  0.7781
 612  0.7781
 613  0.7781
 614  0.7781
 615  0.7781
 616  0.7781
 617  0.7781
 618  0.7781
 619  0.7781
 620  0.7781
 621  0.7781
 622  0.7781
 623  0.7781
 624  0.7781
 625  0.7781
 626  0.7781
 627  0.7781
 628  0.7781
 629  0.7781
 630  0.7781
 631  0.7781
 632  0.7781
 633  0.7781
 634  0.7781
 635  0.7781
 636  0.7781
 637  0.7781
 638  0.7781
 639  0.7781
 640  0.7781
 641  0.7781
 642  0.7781
 643  0.7781
 644  0.7781
 645  0.7781
 646  0.7781
 647  0.7781
 648  0.7781
 649  0.7781
 650  0.7781
 651  0.7781
 652  0.7781
 653  0.7781
 654  0.7781
 655  0.7781
 656  0.7781
 657  0.7781
 658  0.7781
 659  0.7781
 660  0.7781
 661  0.7781
 662  0.7781
 663  0.7781
 664  0.7781
 665  0.7781
 666  0.7781
 667  0.7781
 668  0.7781
 669  0.7781
 670  0.7781
 671  0.7781
 672  0.7781
 673  0.7781
 674  0.7781
 675  0.7781
 676  0.7781
 677  0.7781
 678  0.7781
 679  0.7781
 680  0.7781
 681  0.7781
 682  0.7781
 683  0.7781
 684  0.7781
 685  0.7781
 686  0.7781
 687  0.7781
 688  0.7781
 689  0.7781
 690  0.7781
 691  0.7781
 692  0.7781
 693  0.7781
 694  0.7781
 695  0.7781
 696  0.7781
 697  0.7781
 698  0.7781
 699  0.7781
 700  0.7781
 701  0.7781
 702  0.7781
 703  0.7781
 704  0.7781
 705  0.7781
 706  0.7781
 707  0.7781
 708  0.7781
 709  0.7781
 710  0.7781
 711  0.7781
 712  0.7781
 713  0.7781
 714  0.7781
 715  0.7781
 716  0.7781
 717  0.7781
 718  0.7781
 719  0.7781
 720  0.7781
 721  0.7781
 722  0.7781
 723  0.7781
 724  0.7781
 725  0.7781
 726  0.7781
 727  0.7781
 728  0.7781
 729  0.7781
 730  0.7781
 731  0.7781
 732  0.7781
 733  0.7781
 734  0.7781
 735  0.7781
 736  0.7781
 737  0.7781
 738  0.7781
 739  0.7781
 740  0.7781
 741  0.7781
 742  0.7781
 743  0.7781
 744  0.7781
 745  0.7781
 746  0.7781
 747  0.7781
 748  0.7781
 749  0.7781
 750  0.7781
 751  0.7781
 752  0.7781
 753  0.7781
 754  0.7781
 755  0.7781
 756  0.7781
 757  0.7781
 758  0.7781
 759  0.7781
 760  0.7781
 761  0.7781
 762  0.7781
 763  0.7781
 764  0.7781
 765  0.7781
 766  0.7781
 767  0.7781
 768  0.7781
 769  0.7781
 770  0.7781
 771  0.7781
 772  0.7781
 773  0.7781
 774  0.7781
 775  0.7781
 776  0.7781
 777  0.7781
 778  0.7781
 779  0.7781
 780  0.7781
 781  0.7781
 782  0.7781
 783  0.7781
 784  0.7781
 785  0.7781
 786  0.7781
 787  0.7781
 788  0.7781
 789  0.7781
 790  0.7781
 791  0.7781
 792  0.7781
 793  0.7781
 794  0.7781
 795  0.7781
 796  0.7781
 797  0.7781
 798  0.7781
 799  0.7781
 800  0.7781
 801  0.7781
 802  0.7781
 803  0.7781
 804  0.7781
 805  0.7781
 806  0.7781
 807  0.7781
 808  0.7781
 809  0.7781
 810  0.7781
 811  0.7781
 812  0.7781
 813  0.7781
 814  0.7781
 815  0.7781
 816  0.7781
 817  0.7781
 818  0.7781
 819  0.7781
 820  0.7781
 821  0.7781
 822  0.7781
 823  0.7781
 824  0.7781
 825  0.7781
 826  0.7781
 827  0.7781
 828  0.7781
 829  0.7781
 830  0.7781
 831  0.7781
 832  0.7781
 833  0.7781
 834  0.7781
 835  0.7781
 836  0.7781
 837  0.7781
 838  0.7781
 839  0.7781
 840  0.7781
 841  0.7781
 842  0.7781
 843  0.7781
 844  0.7781
 845  0.7781
 846  0.7781
 847  0.7781
 848  0.7781
 849  0.7781
 850  0.7781
 851  0.7781
 852  0.7781
 853  0.7781
 854  0.7781
 855  0.7781
 856  0.7781
 857  0.7781
 858  0.7781
 859  0.7781
 860  0.7781
 861  0.7781
 862  0.7781
 863  0.7781
 864  0.7781
 865  0.7781
 866  0.7781
 867  0.7781
 868  0.7781
 869  0.7781
 870  0.7781
 871  0.7781
 872  0.7781
 873  0.7781
 874  0.7781
 875  0.7781
 876  0.7781
 877  0.7781
 878  0.7781
 879  0.7781
 880  0.7781
 881  0.7781
 882  0.7781
 883  0.7781
 884  0.7781
 885  0.7781
 886  0.7781
 887  0.7781
 888  0.7781
 889  0.7781
 890  0.7781
 891  0.7781
 892  0.7781
 893  0.7781
 894  0.7781
 895  0.7781
 896  0.7781
 897  0.7781
 898  0.7781
 899  0.7781
 900  0.7781
 901  0.7781
 902  0.7781
 903  0.7781
 904  0.7781
 905  0.7781
 906  0.7781
 907  0.7781
 908  0.7781
 909  0.7781
 910  0.7781
 911  0.7781
 912  0.7781
 913  0.7781
 914  0.7781
 915  0.7781
 916  0.7781
 917  0.7781
 918  0.7781
 919  0.7781
 920  0.7781
 921  0.7781
 922  0.7781
 923  0.7781
 924  0.7781
 925  0.7781
 926  0.7781
 927  0.7781
 928  0.7781
 929  0.7781
 930  0.7781
 931  0.7781
 932  0.7781
 933  0.7781
 934  0.7781
 935  0.7781
 936  0.7781
 937  0.7781
 938  0.7781
 939  0.7781
 940  0.7781
 941  0.7781
 942  0.7781
 943  0.7781
 944  0.7781
 945  0.7781
 946  0.7781
 947  0.7781
 948  0.7781
 949  0.7781
 950  0.7781
 951  0.7781
 952  0.7781
 953  0.7781
 954  0.7781
 955  0.7781
 956  0.7781
 957  0.7781
 958  0.7781
 959  0.7781
 960  0.7781
 961  0.7781
 962  0.7781
 963  0.7781
 964  0.7781
 965  0.7781
 966  0.7781
 967  0.7781
 968  0.7781
 969  0.7781
 970  0.7781
 971  0.7781
 972  0.7781
 973  0.7781
 974  0.7781
 975  0.7781
 976  0.7781
 977  0.7781
 978  0.7781
 979  0.7781
 980  0.7781
 981  0.7781
 982  0.7781
 983  0.7781
 984  0.7781
 985  0.7781
 986  0.7781
 987  0.7781
 988  0.7781
 989  0.7781
 990  0.7781
 991  0.7781
 992  0.7781
 993  0.7781
 994  0.7781
 995  0.7781
 996  0.7781
 997  0.7781
 998  0.7781
 999  0.7781
 1000  0.7781
 1001  0.7781
 1002  0.7781
 1003  0.7781
 1004  0.7781
 1005  0.7781
 1006  0.7781
 1007  0.7781
 1008  0.7781
 1009  0.7781
 1010  0.7781
 1011  0.7781
 1012  0.7781
 1013  0.7781
 1014  0.7781
 1015  0.7781
 1016  0.7781
 1017  0.7781
 1018  0.7781
 1019  0.7781
 1020  0.7781
 1021  0.7781
 1022  0.7781
 1023  0.7781
 1024  0.7781
 1025  0.7781
 1026  0.7781
 1027  0.7781
 1028  0.7781
 1029  0.7781
 1030  0.7781
 1031  0.7781
 1032  0.7781
 1033  0.7781
 1034  0.7781
 1035  0.7781
 1036  0.7781
 1037  0.7781
 1038  0.7781
 1039  0.7781
 1040  0.7781
 1041  0.7781
 1042  0.7781
 1043  0.7781
 1044  0.7781
 1045  0.7781
 1046  0.7781
 1047  0.7781
 1048  0.7781
 1049  0.7781
 1050  0.7781
 1051  0.7781
 1052  0.7781
 1053  0.7781
 1054  0.7781
 1055  0.7781
 1056  0.7781
 1057  0.7781
 1058  0.7781
 1059  0.7781
 1060  0.7781
 1061  0.7781
 1062  0.7781
 1063  0.7781
 1064  0.7781
 1065  0.7781
 1066  0.7781
 1067  0.7781
 1068  0.7781
 1069  0.7781
 1070  0.7781
 1071  0.7781
 1072  0.7781
 1073  0.7781
 1074  0.7781
 1075  0.7781
 1076  0.7781
 1077  0.7781
 1078  0.7781
 1079  0.7781
 1080  0.7781
 1081  0.7781
 1082  0.7781
 1083  0.7781
 1084  0.7781
 1085  0.7781
 1086  0.7781
 1087  0.7781
 1088  0.7781
 1089  0.7781
 1090  0.7781
 1091  0.7781
 1092  0.7781
 1093  0.7781
 1094  0.7781
 1095  0.7781
 1096  0.7781
 1097  0.7781
 1098  0.7781
 1099  0.7781
 1100  0.7781
 1101  0.7781
 1102  0.7781
 1103  0.7781
 1104  0.7781
 1105  0.7781
 1106  0.7781
 1107  0.7781
 1108  0.7781
 1109  0.7781
 1110  0.7781
 1111  0.7781
 1112  0.7781
 1113  0.7781
 1114  0.7781
 1115  0.7781
 1116  0.7781
 1117  0.7781
 1118  0.7781
 1119  0.7781
 1120  0.7781
 1121  0.7781
 1122  0.7781
 1123  0.7781
 1124  0.7781
 1125  0.7781
 1126  0.7781
 1127  0.7781
 1128  0.7781
 1129  0.7781
 1130  0.7485
 1131  0.7485
 1132  0.7485
 1133  0.7485
 1134  0.7485
 1135  0.7485
 1136  0.7485
 1137  0.7485
 1138  0.7485
 1139  0.7485
 1140  0.7485
 1141  0.7485
 1142  0.7485
 1143  0.7485
 1144  0.7485
 1145  0.7485
 1146  0.7485
 1147  0.7485
 1148  0.7485
 1149  0.7485
 1150  0.7485
 1151  0.7485
 1152  0.7485
 1153  0.7485
 1154  0.7485
 1155  0.7485
 1156  0.7485
 1157  0.7485
 1158  0.7485
 1159  0.7485
 1160  0.7485
 1161  0.7485
 1162  0.7485
 1163  0.7485
 1164  0.7485
 1165  0.7485
 1166  0.7485
 1167  0.7485
 1168  0.7485
 1169  0.7485
 1170  0.7485
 1171  0.7485
 1172  0.7485
 1173  0.7485
 1174  0.7485
 1175  0.7485
 1176  0.7485
 1177  0.7485
 1178  0.7485
 1179  0.7485
 1180  0.7485
 1181  0.7485
 1182  0.7485
 1183  0.7485
 1184  0.7485
 1185  0.7485
 1186  0.7485
 1187  0.7485
 1188  0.7485
 1189  0.7485
 1190  0.7485
 1191  0.7485
 1192  0.7485
 1193  0.7485
 1194  0.7485
 1195  0.7485
 1196  0.7485
 1197  0.7485
 1198  0.7485
 1199  0.7485
 1200  0.7485
 1201  0.7485
 1202  0.7485
 1203  0.7485
 1204  0.7485
 1205  0.7485
 1206  0.7485
 1207  0.7485
 1208  0.7485
 1209  0.7485
 1210  0.7485
 1211  0.7485
 1212  0.7485
 1213  0.7485
 1214  0.7485
 1215  0.7485
 1216  0.7485
 1217  0.7485
 1218  0.7485
 1219  0.7485
 1220  0.7485
 1221  0.7485
 1222  0.7485
 1223  0.7485
 1224  0.7485
 1225  0.7485
 1226  0.7485
 1227  0.7485
 1228  0.7485
 1229  0.7485
 1230  0.7485
 1231  0.7485
 1232  0.7485
 1233  0.7485
 1234  0.7485
 1235  0.7485
 1236  0.7485
 1237  0.7485
 1238  0.7485
 1239  0.7485
 1240  0.7485
 1241  0.7485
 1242  0.7485
 1243  0.7485
 1244  0.7485
 1245  0.7485
 1246  0.7485
 1247  0.7485
 1248  0.7485
 1249  0.7485
 1250  0.7485
 1251  0.7485
 1252  0.7485
 1253  0.7485
 1254  0.7485
 1255  0.7485
 1256  0.7485
 1257  0.7485
 1258  0.7485
 1259  0.7485
 1260  0.7485
 1261  0.7485
 1262  0.7485
 1263  0.7485
 1264  0.7485
 1265  0.7485
 1266  0.7485
 1267  0.7485
 1268  0.7485
 1269  0.7485
 1270  0.7485
 1271  0.7485
 1272  0.7485
 1273  0.7485
 1274  0.7485
 1275  0.7485
 1276  0.7485
 1277  0.7485
 1278  0.7485
 1279  0.7485
 1280  0.7485
 1281  0.7485
 1282  0.7485
 1283  0.7485
 1284  0.7485
 1285  0.7485
 1286  0.7485
 1287  0.7485
 1288  0.7485
 1289  0.7485
 1290  0.7485
 1291  0.7485
 1292  0.7485
 1293  0.7485
 1294  0.7485
 1295  0.7485
 1296  0.7485
 1297  0.7485
 1298  0.7485
 1299  0.7485
 1300  0.7485
 1301  0.7485
 1302  0.7485
 1303  0.7485
 1304  0.7485
 1305  0.7485
 1306  0.7485
 1307  0.7485
 1308  0.7485
 1309  0.7485
 1310  0.7485
 1311  0.7485
 1312  0.7485
 1313  0.7485
 1314  0.7485
 1315  0.7485
 1316  0.7485
 1317  0.7485
 1318  0.7485
 1319  0.7485
 1320  0.7485
 1321  0.7485
 1322  0.7485
 1323  0.7485
 1324  0.7485
 1325  0.7485
 1326  0.7485
 1327  0.7485
 1328  0.7485
 1329  0.7485
 1330  0.7485
 1331  0.7485
 1332  0.7485
 1333  0.7485
 1334  0.7485
 1335  0.7485
 1336  0.7485
 1337  0.7485
 1338  0.7485
 1339  0.7485
 1340  0.7485
 1341  0.7485
 1342  0.7485
 1343  0.7485
 1344  0.7485
 1345  0.7485
 1346  0.7485
 1347  0.7485
 1348  0.7485
 1349  0.7485
 1350  0.7485
 1351  0.7485
 1352  0.7485
 1353  0.7485
 1354  0.7485
 1355  0.7485
 1356  0.7485
 1357  0.7485
 1358  0.7485
 1359  0.7485
 1360  0.7485
 1361  0.7485
 1362  0.7485
 1363  0.7485
 1364  0.7485
 1365  0.7485
 1366  0.7485
 1367  0.7485
 1368  0.7485
 1369  0.7485
 1370  0.7485
 1371  0.7485
 1372  0.7485
 1373  0.7485
 1374  0.7485
 1375  0.7485
 1376  0.7485
 1377  0.7485
 1378  0.7485
 1379  0.7485
 1380  0.7485
 1381  0.7485
 1382  0.7485
 1383  0.7485
 1384  0.7485
 1385  0.7485
 1386  0.7485
 1387  0.7485
 1388  0.7485
 1389  0.7485
 1390  0.7485
 1391  0.7485
 1392  0.7485
 1393  0.7485
 1394  0.7485
 1395  0.7485
 1396  0.7485
 1397  0.7485
 1398  0.7485
 1399  0.7485
 1400  0.7485
 1401  0.7485
 1402  0.7485
 1403  0.7485
 1404  0.7485
 1405  0.7485
 1406  0.7485
 1407  0.7485
 1408  0.7485
 1409  0.7485
 1410  0.7485
 1411  0.7485
 1412  0.7485
 1413  0.7485
 1414  0.7485
 1415  0.7485
 1416  0.7485
 1417  0.7485
 1418  0.7485
 1419  0.7485
 1420  0.7485
 1421  0.7485
 1422  0.7485
 1423  0.7485
 1424  0.7485
 1425  0.7485
 1426  0.7485
 1427  0.7485
 1428  0.7485
 1429  0.7485
 1430  0.7485
 1431  0.7485
 1432  0.7485
 1433  0.7485
 1434  0.7485
 1435  0.7485
 1436  0.7485
 1437  0.7485
 1438  0.7485
 1439  0.7485
 1440  0.7485
 1441  0.7485
 1442  0.7485
 1443  0.7485
 1444  0.7485
 1445  0.7485
 1446  0.7485
 1447  0.7485
 1448  0.7485
 1449  0.7485
 1450  0.7485
 1451  0.7485
 1452  0.7485
 1453  0.7485
 1454  0.7485
 1455  0.7485
 1456  0.7485
 1457  0.7485
 1458  0.7485
 1459  0.7485
 1460  0.7485
 1461  0.7485
 1462  0.7485
 1463  0.7485
 1464  0.7485
 1465  0.7485
 1466  0.7485
 1467  0.7485
 1468  0.7485
 1469  0.7485
 1470  0.7485
 1471  0.7485
 1472  0.7485
 1473  0.7485
 1474  0.7485
 1475  0.7485
 1476  0.7485
 1477  0.7485
 1478  0.7485
 1479  0.7485
 1480  0.7485
 1481  0.7485
 1482  0.7485
 1483  0.7485
 1484  0.7485
 1485  0.7485
 1486  0.7485
 1487  0.7485
 1488  0.7485
 1489  0.7485
 1490  0.7485
 1491  0.7485
 1492  0.7485
 1493  0.7485
 1494  0.7485
 1495  0.7485
 1496  0.7485
 1497  0.7485
 1498  0.7485
 1499  0.7485
 1500  0.7485
 1501  0.7485
 1502  0.7485
 1503  0.7485
 1504  0.7485
 1505  0.7485
 1506  0.7485
 1507  0.7485
 1508  0.7485
 1509  0.7485
 1510  0.7485
 1511  0.7485
 1512  0.7485
 1513  0.7485
 1514  0.7485
 1515  0.7485
 1516  0.7485
 1517  0.7485
 1518  0.7485
 1519  0.7485
 1520  0.7485
 1521  0.7485
 1522  0.7485
 1523  0.7485
 1524  0.7485
 1525  0.7485
 1526  0.7485
 1527  0.7485
 1528  0.7485
 1529  0.7485
 1530  0.7485
 1531  0.7485
 1532  0.7485
 1533  0.7485
 1534  0.7485
 1535  0.7485
 1536  0.7485
 1537  0.7485
 1538  0.7485
 1539  0.7485
 1540  0.7485
 1541  0.7485
 1542  0.7485
 1543  0.7485
 1544  0.7485
 1545  0.7485
 1546  0.7485
 1547  0.7485
 1548  0.7485
 1549  0.7485
 1550  0.7485
 1551  0.7485
 1552  0.7485
 1553  0.7485
 1554  0.7485
 1555  0.7485
 1556  0.7485
 1557  0.7485
 1558  0.7485
 1559  0.7485
 1560  0.7485
 1561  0.7485
 1562  0.7485
 1563  0.7485
 1564  0.7485
 1565  0.7485
 1566  0.7485
 1567  0.7485
 1568  0.7485
 1569  0.7485
 1570  0.7485
 1571  0.7485
 1572  0.7485
 1573  0.7485
 1574  0.7485
 1575  0.7485
 1576  0.7485
 1577  0.7485
 1578  0.7485
 1579  0.7485
 1580  0.7485
 1581  0.7485
 1582  0.7485
 1583  0.7485
 1584  0.7485
 1585  0.7485
 1586  0.7485
 1587  0.7485
 1588  0.7485
 1589  0.7485
 1590  0.7485
 1591  0.7485
 1592  0.7485
 1593  0.7485
 1594  0.7485
 1595  0.7485
 1596  0.7485
 1597  0.7485
 1598  0.7485
 1599  0.7485
 1600  0.7485
 1601  0.7485
 1602  0.7485
 1603  0.7485
 1604  0.7485
 1605  0.7485
 1606  0.7485
 1607  0.7485
 1608  0.7485
 1609  0.7485
 1610  0.7485
 1611  0.7485
 1612  0.7485
 1613  0.7485
 1614  0.7485
 1615  0.7485
 1616  0.7485
 1617  0.7485
 1618  0.7485
 1619  0.7485
 1620  0.7485
 1621  0.7485
 1622  0.7485
 1623  0.7485
 1624  0.7485
 1625  0.7485
 1626  0.7485
 1627  0.7485
 1628  0.7485
 1629  0.7485
 1630  0.7485
 1631  0.7485
 1632  0.7485
 1633  0.7485
 1634  0.7485
 1635  0.7485
 1636  0.7485
 1637  0.7485
 1638  0.7485
 1639  0.7485
 1640  0.7485
 1641  0.7485
 1642  0.7485
 1643  0.7485
 1644  0.7485
 1645  0.7485
 1646  0.7485
 1647  0.7485
 1648  0.7485
 1649  0.7485
 1650  0.7485
 1651  0.7485
 1652  0.7485
 1653  0.7485
 1654  0.7485
 1655  0.7485
 1656  0.7485
 1657  0.7485
 1658  0.7485
 1659  0.7485
 1660  0.7485
 1661  0.7485
 1662  0.7485
 1663  0.7485
 1664  0.7485
 1665  0.7485
 1666  0.7485
 1667  0.7485
 1668  0.7485
 1669  0.7485
 1670  0.7485
 1671  0.7485
 1672  0.7485
 1673  0.7485
 1674  0.7485
 1675  0.7485
 1676  0.7485
 1677  0.7485
 1678  0.7485
 1679  0.7485
 1680  0.7485
 1681  0.7485
 1682  0.7485
 1683  0.7485
 1684  0.7485
 1685  0.7485
 1686  0.7485
 1687  0.7485
 1688  0.7485
 1689  0.7485
 1690  0.7485
 1691  0.7485
 1692  0.7485
 1693  0.7485
 1694  0.7485
 1695  0.7485
 1696  0.7485
 1697  0.7485
 1698  0.7485
 1699  0.7485
 1700  0.7485
 1701  0.7485
 1702  0.7485
 1703  0.7485
 1704  0.7485
 1705  0.7485
 1706  0.7485
 1707  0.7485
 1708  0.7485
 1709  0.7485
 1710  0.7485
 1711  0.7485
 1712  0.7485
 1713  0.7485
 1714  0.7485
 1715  0.7485
 1716  0.7485
 1717  0.7485
 1718  0.7485
 1719  0.7485
 1720  0.7485
 1721  0.7485
 1722  0.7485
 1723  0.7485
 1724  0.7485
 1725  0.7485
 1726  0.7485
 1727  0.7485
 1728  0.7485
 1729  0.7485
 1730  0.7485
 1731  0.7485
 1732  0.7485
 1733  0.7485
 1734  0.7485
 1735  0.7485
 1736  0.7485
 1737  0.7485
 1738  0.7485
 1739  0.7485
 1740  0.7485
 1741  0.7485
 1742  0.7485
 1743  0.7485
 1744  0.7485
 1745  0.7485
 1746  0.7485
 1747  0.7485
 1748  0.7485
 1749  0.7485
 1750  0.7485
 1751  0.7485
 1752  0.7485
 1753  0.7485
 1754  0.7485
 1755  0.7485
 1756  0.7485
 1757  0.7485
 1758  0.7485
 1759  0.7485
 1760  0.7485
 1761  0.7485
 1762  0.7485
 1763  0.7485
 1764  0.7485
 1765  0.7485
 1766  0.7485
 1767  0.7485
 1768  0.7485
 1769  0.7485
 1770  0.7485
 1771  0.7485
 1772  0.7485
 1773  0.7485
 1774  0.7485
 1775  0.7485
 1776  0.7485
 1777  0.7485
 1778  0.7485
 1779  0.7485
 1780  0.7485
 1781  0.7485
 1782  0.7485
 1783  0.7485
 1784  0.7485
 1785  0.7485
 1786  0.7485
 1787  0.7485
 1788  0.7485
 1789  0.7485
 1790  0.7485
 1791  0.7485
 1792  0.7485
 1793  0.7485
 1794  0.7485
 1795  0.7485
 1796  0.7485
 1797  0.7485
 1798  0.7485
 1799  0.7485
 1800  0.7485
 1801  0.7485
 1802  0.7485
 1803  0.7485
 1804  0.7485
 1805  0.7485
 1806  0.7485
 1807  0.7485
 1808  0.7485
 1809  0.7485
 1810  0.7485
 1811  0.7485
 1812  0.7485
 1813  0.7485
 1814  0.7485
 1815  0.7485
 1816  0.7485
 1817  0.7485
 1818  0.7485
 1819  0.7485
 1820  0.7485
 1821  0.7485
 1822  0.7485
 1823  0.7485
 1824  0.7485
 1825  0.7485
 1826  0.7485
 1827  0.7485
 1828  0.7485
 1829  0.7485
 1830  0.7485
 1831  0.7485
 1832  0.7485
 1833  0.7485
 1834  0.7485
 1835  0.7485
 1836  0.7485
 1837  0.7485
 1838  0.7485
 1839  0.7485
 1840  0.7485
 1841  0.7485
 1842  0.7485
 1843  0.7485
 1844  0.7485
 1845  0.7485
 1846  0.7485
 1847  0.7485
 1848  0.7485
 1849  0.7485
 1850  0.7485
 1851  0.7485
 1852  0.7485
 1853  0.7485
 1854  0.7485
 1855  0.7485
 1856  0.7485
 1857  0.7485
 1858  0.7485
 1859  0.7485
 1860  0.7485
 1861  0.7485
 1862  0.7485
 1863  0.7485
 1864  0.7485
 1865  0.7485
 1866  0.7485
 1867  0.7485
 1868  0.7485
 1869  0.7485
 1870  0.7485
 1871  0.7485
 1872  0.7485
 1873  0.7485
 1874  0.7485
 1875  0.7485
 1876  0.7485
 1877  0.7485
 1878  0.7485
 1879  0.7485
 1880  0.7485
 1881  0.7485
 1882  0.7485
 1883  0.7485
 1884  0.7485
 1885  0.7485
 1886  0.7485
 1887  0.7485
 1888  0.7485
 1889  0.7485
 1890  0.7485
 1891  0.7485
 1892  0.7485
 1893  0.7485
 1894  0.7485
 1895  0.7485
 1896  0.7485
 1897  0.7485
 1898  0.7485
 1899  0.7485
 1900  0.7485
 1901  0.7485
 1902  0.7485
 1903  0.7485
 1904  0.7485
 1905  0.7485
 1906  0.7485
 1907  0.7485
 1908  0.7485
 1909  0.7485
 1910  0.7485
 1911  0.7485
 1912  0.7485
 1913  0.7485
 1914  0.7485
 1915  0.7485
 1916  0.7485
 1917  0.7485
 1918  0.7485
 1919  0.7485
 1920  0.7485
 1921  0.7485
 1922  0.7485
 1923  0.7485
 1924  0.7485
 1925  0.7485
 1926  0.7485
 1927  0.7485
 1928  0.7485
 1929  0.7485
 1930  0.7485
 1931  0.7485
 1932  0.7485
 1933  0.7485
 1934  0.7485
 1935  0.7485
 1936  0.7485
 1937  0.7485
 1938  0.7485
 1939  0.7485
 1940  0.7485
 1941  0.7485
 1942  0.7485
 1943  0.7485
 1944  0.7485
 1945  0.7485
 1946  0.7485
 1947  0.7485
 1948  0.7485
 1949  0.7485
 1950  0.7485
 1951  0.7485
 1952  0.7485
 1953  0.7485
 1954  0.7485
 1955  0.7485
 1956  0.7485
 1957  0.7485
 1958  0.7485
 1959  0.7485
 1960  0.7485
 1961  0.7485
 1962  0.7485
 1963  0.7485
 1964  0.7485
 1965  0.7485
 1966  0.7485
 1967  0.7485
 1968  0.7485
 1969  0.7485
 1970  0.7485
 1971  0.7485
 1972  0.7485
 1973  0.7485
 1974  0.7485
 1975  0.7485
 1976  0.7485
 1977  0.7485
 1978  0.7485
 1979  0.7485
 1980  0.7485
 1981  0.7485
 1982  0.7485
 1983  0.7485
 1984  0.7485
 1985  0.7485
 1986  0.7485
 1987  0.7485
 1988  0.7485
 1989  0.7485
 1990  0.7485
 1991  0.7485
 1992  0.7485
 1993  0.7485
 1994  0.7485
 1995  0.7485
 1996  0.7485
 1997  0.7485
 1998  0.7485
 1999  0.7485
 2000  0.7485
 2001  0.7485
 2002  0.7485
 2003  0.7485
 2004  0.7485
 2005  0.7485
 2006  0.7485
 2007  0.7485
 2008  0.7485
 2009  0.7485
 2010  0.7485
 2011  0.7485
 2012  0.7485
 2013  0.7485
 2014  0.7485
 2015  0.7485
 2016  0.7485
 2017  0.7485
 2018  0.7485
 2019  0.7485
 2020  0.7485
 2021  0.7485
 2022  0.7485
 2023  0.7485
 2024  0.7485
 2025  0.7485
 2026  0.7485
 2027  0.7485
 2028  0.7485
 2029  0.7485
 2030  0.7485
 2031  0.7485
 2032  0.7485
 2033  0.7485
 2034  0.7485
 2035  0.7485
 2036  0.7485
 2037  0.7485
 2038  0.7485
 2039  0.7485
 2040  0.7485
 2041  0.7485
 2042  0.7485
 2043  0.7485
 2044  0.7485
 2045  0.7485
 2046  0.7485
 2047  0.7485
 2048  0.7485
 2049  0.7485
 2050  0.7485
 2051  0.7485
 2052  0.7485
 2053  0.7485
 2054  0.7485
 2055  0.7485
 2056  0.7485
 2057  0.7485
 2058  0.7485
 2059  0.7485
 2060  0.7485
 2061  0.7485
 2062  0.7485
 2063  0.7485
 2064  0.7485
 2065  0.7485
 2066  0.7485
 2067  0.7485
 2068  0.7485
 2069  0.7485
 2070  0.7485
 2071  0.7485
 2072  0.7485
 2073  0.7485
 2074  0.7485
 2075  0.7485
 2076  0.7485
 2077  0.7485
 2078  0.7485
 2079  0.7485
 2080  0.7485
 2081  0.7485
 2082  0.7485
 2083  0.7485
 2084  0.7485
 2085  0.7485
 2086  0.7485
 2087  0.7485
 2088  0.7485
 2089  0.7485
 2090  0.7485
 2091  0.7485
 2092  0.7485
 2093  0.7485
 2094  0.7485
 2095  0.7485
 2096  0.7485
 2097  0.7485
 2098  0.7485
 2099  0.7485
 2100  0.7485
 2101  0.7485
 2102  0.7485
 2103  0.7485
 2104  0.7485
 2105  0.7485
 2106  0.7485
 2107  0.7485
 2108  0.7485
 2109  0.7485
 2110  0.7485
 2111  0.7485
 2112  0.7485
 2113  0.7485
 2114  0.7485
 2115  0.7485
 2116  0.7485
 2117  0.7485
 2118  0.7485
 2119  0.7485
 2120  0.7485
 2121  0.7485
 2122  0.7485
 2123  0.7485
 2124  0.7485
 2125  0.7485
 2126  0.7485
 2127  0.7485
 2128  0.7485
 2129  0.7485
 2130  0.7485
 2131  0.7485
 2132  0.7485
 2133  0.7485
 2134  0.7485
 2135  0.7485
 2136  0.7485
 2137  0.7485
 2138  0.7485
 2139  0.7485
 2140  0.7485
 2141  0.7485
 2142  0.7485
 2143  0.7485
 2144  0.7485
 2145  0.7485
 2146  0.7485
 2147  0.7485
 2148  0.7485
 2149  0.7485
 2150  0.7485
 2151  0.7485
 2152  0.7485
 2153  0.7485
 2154  0.7485
 2155  0.7485
 2156  0.7485
 2157  0.7485
 2158  0.7485
 2159  0.7485
 2160  0.7485
 2161  0.7485
 2162  0.7485
 2163  0.7485
 2164  0.7485
 2165  0.7485
 2166  0.7485
 2167  0.7485
 2168  0.7485
 2169  0.7485
 2170  0.7485
 2171  0.7485
 2172  0.7485
 2173  0.7485
 2174  0.7485
 2175  0.7485
 2176  0.7485
 2177  0.7485
 2178  0.7485
 2179  0.7485
 2180  0.7485
 2181  0.7485
 2182  0.7485
 2183  0.7485
 2184  0.7485
 2185  0.7485
 2186  0.7485
 2187  0.7485
 2188  0.7485
 2189  0.7485
 2190  0.7485
 2191  0.7485
 2192  0.7485
 2193  0.7485
 2194  0.7485
 2195  0.7485
 2196  0.7485
 2197  0.7485
 2198  0.7485
 2199  0.7485
 2200  0.7485
 2201  0.7485
 2202  0.7485
 2203  0.7485
 2204  0.7485
 2205  0.7485
 2206  0.7485
 2207  0.7485
 2208  0.7485
 2209  0.7485
 2210  0.7485
 2211  0.7485
 2212  0.7485
 2213  0.7485
 2214  0.7485
 2215  0.7485
 2216  0.7485
 2217  0.7485
 2218  0.7485
 2219  0.7485
 2220  0.7485
 2221  0.7485
 2222  0.7485
 2223  0.7485
 2224  0.7485
 2225  0.7485
 2226  0.7485
 2227  0.7485
 2228  0.7485
 2229  0.7485
 2230  0.7485
 2231  0.7485
 2232  0.7485
 2233  0.7485
 2234  0.7485
 2235  0.7485
 2236  0.7485
 2237  0.7485
 2238  0.7485
 2239  0.7485
 2240  0.7485
 2241  0.7485
 2242  0.7485
 2243  0.7485
 2244  0.7485
 2245  0.7485
 2246  0.7485
 2247  0.7485
 2248  0.7485
 2249  0.7485
 2250  0.7485
 2251  0.7485
 2252  0.7485
 2253  0.7485
 2254  0.7485
 2255  0.7485
 2256  0.7485
 2257  0.7485
 2258  0.7485
 2259  0.7485
 2260  0.7485
 2261  0.7485
 2262  0.7485
 2263  0.7485
 2264  0.7485
 2265  0.7485
 2266  0.7485
 2267  0.7485
 2268  0.7485
 2269  0.7485
 2270  0.7485
 2271  0.7485
 2272  0.7485
 2273  0.7485
 2274  0.7485
 2275  0.7485
 2276  0.7485
 2277  0.7485
 2278  0.7485
 2279  0.7485
 2280  0.7485
 2281  0.7485
 2282  0.7485
 2283  0.7485
 2284  0.7485
 2285  0.7485
 2286  0.7485
 2287  0.7485
 2288  0.7485
 2289  0.7485
 2290  0.7485
 2291  0.7485
 2292  0.7485
 2293  0.7485
 2294  0.7485
 2295  0.7485
 2296  0.7485
 2297  0.7485
 2298  0.7485
 2299  0.7485
 2300  0.7485
 2301  0.7485
 2302  0.7485
 2303  0.7485
 2304  0.7485
 2305  0.7485
 2306  0.7485
 2307  0.7485
 2308  0.7485
 2309  0.7485
 2310  0.7485
 2311  0.7485
 2312  0.7485
 2313  0.7485
 2314  0.7485
 2315  0.7485
 2316  0.7485
 2317  0.7485
 2318  0.7485
 2319  0.7485
 2320  0.7485
 2321  0.7485
 2322  0.7485
 2323  0.7485
 2324  0.7485
 2325  0.7485
 2326  0.7485
 2327  0.7485
 2328  0.7485
 2329  0.7485
 2330  0.7485
 2331  0.7485
 2332  0.7485
 2333  0.7485
 2334  0.7485
 2335  0.7485
 2336  0.7485
 2337  0.7485
 2338  0.7485
 2339  0.7485
 2340  0.7485
 2341  0.7485
 2342  0.7485
 2343  0.7485
 2344  0.7485
 2345  0.7485
 2346  0.7485
 2347  0.7485
 2348  0.7485
 2349  0.7485
 2350  0.7485
 2351  0.7485
 2352  0.7485
 2353  0.7485
 2354  0.7485
 2355  0.7485
 2356  0.7485
 2357  0.7485
 2358  0.7485
 2359  0.7485
 2360  0.7485
 2361  0.7485
 2362  0.7485
 2363  0.7485
 2364  0.7485
 2365  0.7485
 2366  0.7485
 2367  0.7485
 2368  0.7485
 2369  0.7485
 2370  0.7485
 2371  0.7485
 2372  0.7485
 2373  0.7485
 2374  0.7485
 2375  0.7485
 2376  0.7485
 2377  0.7485
 2378  0.7485
 2379  0.7485
 2380  0.7485
 2381  0.7485
 2382  0.7485
 2383  0.7485
 2384  0.7485
 2385  0.7485
 2386  0.7485
 2387  0.7485
 2388  0.7485
 2389  0.7485
 2390  0.7485
 2391  0.7485
 2392  0.7485
 2393  0.7485
 2394  0.7485
 2395  0.7485
 2396  0.7485
 2397  0.7485
 2398  0.7485
 2399  0.7485
 2400  0.7485
 2401  0.7485
 2402  0.7485
 2403  0.7485
 2404  0.7485
 2405  0.7485
 2406  0.7485
 2407  0.7485
 2408  0.7485
 2409  0.7485
 2410  0.7485
 2411  0.7485
 2412  0.7485
 2413  0.7485
 2414  0.7485
 2415  0.7485
 2416  0.7485
 2417  0.7485
 2418  0.7485
 2419  0.7485
 2420  0.7485
 2421  0.7485
 2422  0.7485
 2423  0.7485
 2424  0.7485
 2425  0.7485
 2426  0.7485
 2427  0.7485
 2428  0.7485
 2429  0.7485
 2430  0.7485
 2431  0.7485
 2432  0.7485
 2433  0.7485
 2434  0.7485
 2435  0.7485
 2436  0.7485
 2437  0.7485
 2438  0.7485
 2439  0.7485
 2440  0.7485
 2441  0.7485
 2442  0.7485
 2443  0.7485
 2444  0.7485
 2445  0.7485
 2446  0.7485
 2447  0.7485
 2448  0.7485
 2449  0.7485
 2450  0.7485
 2451  0.7485
 2452  0.7485
 2453  0.7485
 2454  0.7485
 2455  0.7485
 2456  0.7485
 2457  0.7485
 2458  0.7485
 2459  0.7485
 2460  0.7485
 2461  0.7485
 2462  0.7485
 2463  0.7485
 2464  0.7485
 2465  0.7485
 2466  0.7485
 2467  0.7485
 2468  0.7485
 2469  0.7485
 2470  0.7485
 2471  0.7485
 2472  0.7485
 2473  0.7485
 2474  0.7485
 2475  0.7485
 2476  0.7485
 2477  0.7485
 2478  0.7485
 2479  0.7485
 2480  0.7485
 2481  0.7485
 2482  0.7485
 2483  0.7485
 2484  0.7485
 2485  0.7485
 2486  0.7485
 2487  0.7485
 2488  0.7485
 2489  0.7485
 2490  0.7485
 2491  0.7485
 2492  0.7485
 2493  0.7485
 2494  0.7485
 2495  0.7485
 2496  0.7485
 2497  0.7485
 2498  0.7485
 2499  0.7485
 2500  0.7485
 2501  0.7485
 2502  0.7485
 2503  0.7485
 2504  0.7485
 2505  0.7485
 2506  0.7485
 2507  0.7485
 2508  0.7485
 2509  0.7485
 2510  0.7485
 2511  0.7485
 2512  0.7485
 2513  0.7485
 2514  0.7485
 2515  0.7485
 2516  0.7485
 2517  0.7485
 2518  0.7485
 2519  0.7485
 2520  0.7485
 2521  0.7485
 2522  0.7485
 2523  0.7485
 2524  0.7485
 2525  0.7485
 2526  0.7485
 2527  0.7485
 2528  0.7485
 2529  0.7485
 2530  0.7485
 2531  0.7485
 2532  0.7485
 2533  0.7485
 2534  0.7485
 2535  0.7485
 2536  0.7485
 2537  0.7485
 2538  0.7485
 2539  0.7485
 2540  0.7485
 2541  0.7485
 2542  0.7485
 2543  0.7485
 2544  0.7485
 2545  0.7485
 2546  0.7485
 2547  0.7485
 2548  0.7485
 2549  0.7485
 2550  0.7485
 2551  0.7485
 2552  0.7485
 2553  0.7485
 2554  0.7485
 2555  0.7485
 2556  0.7485
 2557  0.7485
 2558  0.7485
 2559  0.7485
 2560  0.7485
 2561  0.7485
 2562  0.7485
 2563  0.7485
 2564  0.7485
 2565  0.7485
 2566  0.7485
 2567  0.7485
 2568  0.7485
 2569  0.7485
 2570  0.7485
 2571  0.7485
 2572  0.7485
 2573  0.7485
 2574  0.7485
 2575  0.7485
 2576  0.7485
 2577  0.7485
 2578  0.7485
 2579  0.7485
 2580  0.7485
 2581  0.7485
 2582  0.7485
 2583  0.7485
 2584  0.7485
 2585  0.7485
 2586  0.7485
 2587  0.7485
 2588  0.7485
 2589  0.7485
 2590  0.7485
 2591  0.7485
 2592  0.7485
 2593  0.7485
 2594  0.7485
 2595  0.7485
 2596  0.7485
 2597  0.7485
 2598  0.7485
 2599  0.7485
 2600  0.7485
 2601  0.7485
 2602  0.7485
 2603  0.7485
 2604  0.7485
 2605  0.7485
 2606  0.7485
 2607  0.7485
 2608  0.7485
 2609  0.7485
 2610  0.7485
 2611  0.7485
 2612  0.7485
 2613  0.7485
 2614  0.7485
 2615  0.7485
 2616  0.7485
 2617  0.7485
 2618  0.7485
 2619  0.7485
 2620  0.7485
 2621  0.7485
 2622  0.7485
 2623  0.7485
 2624  0.7485
 2625  0.7485
 2626  0.7485
 2627  0.7485
 2628  0.7485
 2629  0.7485
 2630  0.7485
 2631  0.7485
 2632  0.7485
 2633  0.7485
 2634  0.7485
 2635  0.7485
 2636  0.7485
 2637  0.7485
 2638  0.7485
 2639  0.7485
 2640  0.7485
 2641  0.7485
 2642  0.7485
 2643  0.7485
 2644  0.7485
 2645  0.7485
 2646  0.7485
 2647  0.7485
 2648  0.7485
 2649  0.7485
 2650  0.7485
 2651  0.7485
 2652  0.7485
 2653  0.7485
 2654  0.7485
 2655  0.7485
 2656  0.7485
 2657  0.7485
 2658  0.7485
 2659  0.7485
 2660  0.7485
 2661  0.7485
 2662  0.7485
 2663  0.7485
 2664  0.7485
 2665  0.7485
 2666  0.7485
 2667  0.7485
 2668  0.7485
 2669  0.7485
 2670  0.7485
 2671  0.7485
 2672  0.7485
 2673  0.7485
 2674  0.7485
 2675  0.7485
 2676  0.7485
 2677  0.7485
 2678  0.7485
 2679  0.7485
 2680  0.7485
 2681  0.7485
 2682  0.7485
 2683  0.7485
 2684  0.7485
 2685  0.7485
 2686  0.7485
 2687  0.7485
 2688  0.7485
 2689  0.7485
 2690  0.7485
 2691  0.7485
 2692  0.7485
 2693  0.7485
 2694  0.7485
 2695  0.7485
 2696  0.7485
 2697  0.7485
 2698  0.7485
 2699  0.7485
 2700  0.7485
 2701  0.7485
 2702  0.7485
 2703  0.7485
 2704  0.7485
 2705  0.7485
 2706  0.7485
 2707  0.7485
 2708  0.7485
 2709  0.7485
 2710  0.7485
 2711  0.7485
 2712  0.7485
 2713  0.7485
 2714  0.7485
 2715  0.7485
 2716  0.7485
 2717  0.7485
 2718  0.7485
 2719  0.7485
 2720  0.7485
 2721  0.7485
 2722  0.7485
 2723  0.7485
 2724  0.7485
 2725  0.7485
 2726  0.7485
 2727  0.7485
 2728  0.7485
 2729  0.7485
 2730  0.7485
 2731  0.7485
 2732  0.7485
 2733  0.7485
 2734  0.7485
 2735  0.7485
 2736  0.7485
 2737  0.7485
 2738  0.7485
 2739  0.7485
 2740  0.7485
 2741  0.7485
 2742  0.7485
 2743  0.7485
 2744  0.7485
 2745  0.7485
 2746  0.7485
 2747  0.7485
 2748  0.7485
 2749  0.7485
 2750  0.7485
 2751  0.7485
 2752  0.7485
 2753  0.7485
 2754  0.7485
 2755  0.7485
 2756  0.7485
 2757  0.7485
 2758  0.7485
 2759  0.7485
 2760  0.7485
 2761  0.7485
 2762  0.7485
 2763  0.7485
 2764  0.7485
 2765  0.7485
 2766  0.7485
 2767  0.7485
 2768  0.7485
 2769  0.7485
 2770  0.7485
 2771  0.7485
 2772  0.7485
 2773  0.7485
 2774  0.7485
 2775  0.7485
 2776  0.7485
 2777  0.7485
 2778  0.7485
 2779  0.7485
 2780  0.7485
 2781  0.7485
 2782  0.7485
 2783  0.7485
 2784  0.7485
 2785  0.7485
 2786  0.7485
 2787  0.7485
 2788  0.7485
 2789  0.7485
 2790  0.7485
 2791  0.7485
 2792  0.7485
 2793  0.7485
 2794  0.7485
 2795  0.7485
 2796  0.7485
 2797  0.7485
 2798  0.7485
 2799  0.7485
 2800  0.7485
 2801  0.7485
 2802  0.7485
 2803  0.7485
 2804  0.7485
 2805  0.7485
 2806  0.7485
 2807  0.7485
 2808  0.7485
 2809  0.7485
 2810  0.7485
 2811  0.7485
 2812  0.7485
 2813  0.7485
 2814  0.7485
 2815  0.7485
 2816  0.7485
 2817  0.7485
 2818  0.7485
 2819  0.7485
 2820  0.7485
 2821  0.7485
 2822  0.7485
 2823  0.7485
 2824  0.7485
 2825  0.7485
 2826  0.7485
 2827  0.7485
 2828  0.7485
 2829  0.7485
 2830  0.7485
 2831  0.7485
 2832  0.7485
 2833  0.7485
 2834  0.7485
 2835  0.7485
 2836  0.7485
 2837  0.7485
 2838  0.7485
 2839  0.7485
 2840  0.7485
 2841  0.7485
 2842  0.7485
 2843  0.7485
 2844  0.7485
 2845  0.7485
 2846  0.7485
 2847  0.7485
 2848  0.7485
 2849  0.7485
 2850  0.7485
 2851  0.7485
 2852  0.7485
 2853  0.7485
 2854  0.7485
 2855  0.7485
 2856  0.7485
 2857  0.7485
 2858  0.7485
 2859  0.7485
 2860  0.7485
 2861  0.7485
 2862  0.7485
 2863  0.7485
 2864  0.7485
 2865  0.7485
 2866  0.7485
 2867  0.7485
 2868  0.7485
 2869  0.7485
 2870  0.7485
 2871  0.7485
 2872  0.7485
 2873  0.7485
 2874  0.7485
 2875  0.7485
 2876  0.7485
 2877  0.7485
 2878  0.7485
 2879  0.7485
 2880  0.7485
 2881  0.7485
 2882  0.7485
 2883  0.7485
 2884  0.7485
 2885  0.7485
 2886  0.7485
 2887  0.7485
 2888  0.7485
 2889  0.7485
 2890  0.7485
 2891  0.7485
 2892  0.7485
 2893  0.7485
 2894  0.7485
 2895  0.7485
 2896  0.7485
 2897  0.7485
 2898  0.7485
 2899  0.7485
 2900  0.7485
 2901  0.7485
 2902  0.7485
 2903  0.7485
 2904  0.7485
 2905  0.7485
 2906  0.7485
 2907  0.7485
 2908  0.7485
 2909  0.7485
 2910  0.7485
 2911  0.7485
 2912  0.7485
 2913  0.7485
 2914  0.7485
 2915  0.7485
 2916  0.7485
 2917  0.7485
 2918  0.7485
 2919  0.7485
 2920  0.7485
 2921  0.7485
 2922  0.7485
 2923  0.7485
 2924  0.7485
 2925  0.7485
 2926  0.7485
 2927  0.7485
 2928  0.7485
 2929  0.7485
 2930  0.7485
 2931  0.7485
 2932  0.7485
 2933  0.7485
 2934  0.7485
 2935  0.7485
 2936  0.7485
 2937  0.7485
 2938  0.7485
 2939  0.7485
 2940  0.7485
 2941  0.7485
 2942  0.7485
 2943  0.7485
 2944  0.7485
 2945  0.7485
 2946  0.7485
 2947  0.7485
 2948  0.7485
 2949  0.7485
 2950  0.7485
 2951  0.7485
 2952  0.7485
 2953  0.7485
 2954  0.7485
 2955  0.7485
 2956  0.7485
 2957  0.7485
 2958  0.7485
 2959  0.7485
 2960  0.7485
 2961  0.7485
 2962  0.7485
 2963  0.7485
 2964  0.7485
 2965  0.7485
 2966  0.7485
 2967  0.7485
 2968  0.7485
 2969  0.7485
 2970  0.7485
 2971  0.7485
 2972  0.7485
 2973  0.7485
 2974  0.7485
 2975  0.7485
 2976  0.7485
 2977  0.7485
 2978  0.7485
 2979  0.7485
 2980  0.7485
 2981  0.7485
 2982  0.7485
 2983  0.7485
 2984  0.7485
 2985  0.7485
 2986  0.7485
 2987  0.7485
 2988  0.7485
 2989  0.7485
 2990  0.7485
 2991  0.7485
 2992  0.7485
 2993  0.7485
 2994  0.7485
 2995  0.7485
 2996  0.7485
 2997  0.7485
 2998  0.7485
 2999  0.7485
