
 1  0.9195
 2  0.9195
 3  0.9195
 4  0.9195
 5  0.9195
 6  0.9195
 7  0.9195
 8  0.9195
 9  0.9195
 10  0.9195
 11  0.9195
 12  0.9195
 13  0.9195
 14  0.9195
 15  0.9195
 16  0.9195
 17  0.9195
 18  0.9195
 19  0.9195
 20  0.9195
 21  0.9195
 22  0.9195
 23  0.9195
 24  0.9195
 25  0.9195
 26  0.9195
 27  0.9195
 28  0.9195
 29  0.9195
 30  0.9195
 31  0.9195
 32  0.9195
 33  0.9195
 34  0.9195
 35  0.9195
 36  0.9195
 37  0.9195
 38  0.9195
 39  0.9195
 40  0.9195
 41  0.9195
 42  0.9195
 43  0.9195
 44  0.8263
 45  0.8263
 46  0.8263
 47  0.8263
 48  0.8263
 49  0.8263
 50  0.8263
 51  0.8263
 52  0.8263
 53  0.8263
 54  0.8263
 55  0.8263
 56  0.8263
 57  0.8263
 58  0.8263
 59  0.8263
 60  0.8263
 61  0.8263
 62  0.8263
 63  0.8263
 64  0.8263
 65  0.8263
 66  0.8263
 67  0.8263
 68  0.8263
 69  0.8263
 70  0.8263
 71  0.8263
 72  0.8263
 73  0.8263
 74  0.8263
 75  0.8263
 76  0.8263
 77  0.8263
 78  0.8263
 79  0.8263
 80  0.8263
 81  0.8263
 82  0.8263
 83  0.8263
 84  0.8263
 85  0.8263
 86  0.8263
 87  0.8263
 88  0.8263
 89  0.8263
 90  0.8263
 91  0.8263
 92  0.8263
 93  0.8263
 94  0.8263
 95  0.8263
 96  0.8263
 97  0.8263
 98  0.8263
 99  0.8263
 100  0.8263
 101  0.8263
 102  0.8263
 103  0.8263
 104  0.8263
 105  0.8263
 106  0.8263
 107  0.8263
 108  0.8263
 109  0.8263
 110  0.8263
 111  0.8263
 112  0.8263
 113  0.8263
 114  0.8263
 115  0.8263
 116  0.8263
 117  0.8263
 118  0.8263
 119  0.8263
 120  0.8263
 121  0.8263
 122  0.8263
 123  0.8263
 124  0.8263
 125  0.8263
 126  0.8263
 127  0.8263
 128  0.8263
 129  0.8263
 130  0.8263
 131  0.8263
 132  0.8263
 133  0.8263
 134  0.8263
 135  0.8263
 136  0.8263
 137  0.8263
 138  0.8263
 139  0.8263
 140  0.8263
 141  0.8263
 142  0.8263
 143  0.8263
 144  0.7399
 145  0.7399
 146  0.7399
 147  0.7399
 148  0.7399
 149  0.7399
 150  0.7399
 151  0.7399
 152  0.7399
 153  0.7399
 154  0.7399
 155  0.7399
 156  0.7399
 157  0.7399
 158  0.7399
 159  0.7399
 160  0.7399
 161  0.7399
 162  0.7399
 163  0.7399
 164  0.7399
 165  0.7399
 166  0.7399
 167  0.7399
 168  0.7399
 169  0.7399
 170  0.7399
 171  0.7399
 172  0.7399
 173  0.7399
 174  0.7399
 175  0.7399
 176  0.7399
 177  0.7399
 178  0.7399
 179  0.7399
 180  0.7399
 181  0.7399
 182  0.7399
 183  0.7399
 184  0.7399
 185  0.7399
 186  0.7399
 187  0.7399
 188  0.7399
 189  0.7399
 190  0.7399
 191  0.7399
 192  0.7399
 193  0.7399
 194  0.7399
 195  0.7399
 196  0.7399
 197  0.7399
 198  0.7399
 199  0.7399
 200  0.7399
 201  0.7399
 202  0.7399
 203  0.7399
 204  0.7399
 205  0.7399
 206  0.7399
 207  0.7399
 208  0.7399
 209  0.7399
 210  0.7399
 211  0.7399
 212  0.7399
 213  0.7399
 214  0.7399
 215  0.7399
 216  0.7399
 217  0.7399
 218  0.7399
 219  0.7399
 220  0.7399
 221  0.7399
 222  0.7399
 223  0.7399
 224  0.7399
 225  0.7399
 226  0.7399
 227  0.7399
 228  0.7399
 229  0.7399
 230  0.7399
 231  0.7399
 232  0.7399
 233  0.7399
 234  0.7399
 235  0.7399
 236  0.7399
 237  0.7399
 238  0.7399
 239  0.7399
 240  0.7399
 241  0.7399
 242  0.7399
 243  0.7399
 244  0.7399
 245  0.7399
 246  0.7399
 247  0.7399
 248  0.7399
 249  0.7399
 250  0.7399
 251  0.7399
 252  0.7399
 253  0.7399
 254  0.7399
 255  0.7399
 256  0.7399
 257  0.7399
 258  0.7399
 259  0.7399
 260  0.7399
 261  0.7399
 262  0.7399
 263  0.7399
 264  0.7399
 265  0.7399
 266  0.7399
 267  0.7399
 268  0.7399
 269  0.7399
 270  0.7399
 271  0.7399
 272  0.7399
 273  0.7399
 274  0.7399
 275  0.7399
 276  0.7399
 277  0.7399
 278  0.7399
 279  0.7399
 280  0.7399
 281  0.7399
 282  0.7399
 283  0.7399
 284  0.7399
 285  0.7399
 286  0.7399
 287  0.7399
 288  0.7399
 289  0.7399
 290  0.7399
 291  0.7399
 292  0.7399
 293  0.7399
 294  0.7399
 295  0.7399
 296  0.7399
 297  0.7399
 298  0.7399
 299  0.7399
 300  0.7399
 301  0.7399
 302  0.7399
 303  0.7399
 304  0.7399
 305  0.7399
 306  0.7399
 307  0.7399
 308  0.7399
 309  0.7399
 310  0.7399
 311  0.7399
 312  0.7399
 313  0.7399
 314  0.7399
 315  0.7399
 316  0.7399
 317  0.7399
 318  0.7399
 319  0.7399
 320  0.7399
 321  0.7399
 322  0.7399
 323  0.7399
 324  0.7399
 325  0.7399
 326  0.7399
 327  0.7399
 328  0.7399
 329  0.7399
 330  0.7399
 331  0.7399
 332  0.7399
 333  0.7399
 334  0.7399
 335  0.7399
 336  0.7399
 337  0.7399
 338  0.7399
 339  0.7399
 340  0.7399
 341  0.7399
 342  0.7399
 343  0.7399
 344  0.7399
 345  0.7399
 346  0.7399
 347  0.7399
 348  0.7399
 349  0.7399
 350  0.7399
 351  0.7399
 352  0.7399
 353  0.7399
 354  0.7399
 355  0.7399
 356  0.7399
 357  0.7399
 358  0.7399
 359  0.7399
 360  0.7399
 361  0.7399
 362  0.7399
 363  0.7399
 364  0.7399
 365  0.7399
 366  0.7399
 367  0.7399
 368  0.7399
 369  0.7399
 370  0.7399
 371  0.7399
 372  0.7399
 373  0.7399
 374  0.7399
 375  0.7399
 376  0.7399
 377  0.7399
 378  0.7399
 379  0.7399
 380  0.7399
 381  0.7399
 382  0.7399
 383  0.7399
 384  0.7399
 385  0.7399
 386  0.7399
 387  0.7399
 388  0.7399
 389  0.7399
 390  0.7399
 391  0.7399
 392  0.7399
 393  0.7399
 394  0.7399
 395  0.7399
 396  0.7399
 397  0.7399
 398  0.7399
 399  0.7399
 400  0.7399
 401  0.7399
 402  0.7399
 403  0.7399
 404  0.7399
 405  0.7399
 406  0.7399
 407  0.7399
 408  0.7399
 409  0.7399
 410  0.7399
 411  0.7399
 412  0.7399
 413  0.7399
 414  0.7399
 415  0.7399
 416  0.7399
 417  0.7399
 418  0.7399
 419  0.7399
 420  0.7399
 421  0.7399
 422  0.7399
 423  0.7399
 424  0.7399
 425  0.7399
 426  0.7399
 427  0.7399
 428  0.7399
 429  0.7399
 430  0.7399
 431  0.7399
 432  0.7399
 433  0.7399
 434  0.7399
 435  0.7399
 436  0.7399
 437  0.7399
 438  0.7399
 439  0.7399
 440  0.7399
 441  0.7399
 442  0.7399
 443  0.7399
 444  0.7399
 445  0.7399
 446  0.7399
 447  0.7399
 448  0.7399
 449  0.7399
 450  0.7399
 451  0.7399
 452  0.7399
 453  0.7399
 454  0.7399
 455  0.7399
 456  0.7399
 457  0.7399
 458  0.7399
 459  0.7399
 460  0.7399
 461  0.7399
 462  0.7399
 463  0.7399
 464  0.7399
 465  0.7399
 466  0.7399
 467  0.7399
 468  0.7399
 469  0.7399
 470  0.7399
 471  0.7399
 472  0.7399
 473  0.7399
 474  0.7399
 475  0.7399
 476  0.7399
 477  0.7399
 478  0.7399
 479  0.7399
 480  0.7399
 481  0.7399
 482  0.7399
 483  0.7399
 484  0.7399
 485  0.7399
 486  0.7399
 487  0.7399
 488  0.7399
 489  0.7399
 490  0.7399
 491  0.7399
 492  0.7399
 493  0.7399
 494  0.7399
 495  0.7399
 496  0.7399
 497  0.7399
 498  0.7399
 499  0.7399
 500  0.7399
 501  0.7399
 502  0.7399
 503  0.7399
 504  0.7399
 505  0.7399
 506  0.7399
 507  0.7399
 508  0.7399
 509  0.7399
 510  0.7399
 511  0.7399
 512  0.7399
 513  0.7399
 514  0.7399
 515  0.7399
 516  0.7399
 517  0.7399
 518  0.7399
 519  0.7399
 520  0.7399
 521  0.7399
 522  0.7399
 523  0.7399
 524  0.7399
 525  0.7399
 526  0.7399
 527  0.7399
 528  0.7399
 529  0.7399
 530  0.7399
 531  0.7399
 532  0.7399
 533  0.7399
 534  0.7399
 535  0.7399
 536  0.7399
 537  0.7399
 538  0.7399
 539  0.7399
 540  0.7399
 541  0.7399
 542  0.7399
 543  0.7399
 544  0.7399
 545  0.7399
 546  0.7399
 547  0.7399
 548  0.7399
 549  0.7399
 550  0.7399
 551  0.7399
 552  0.7399
 553  0.7399
 554  0.7399
 555  0.7399
 556  0.7399
 557  0.7399
 558  0.7399
 559  0.7399
 560  0.7399
 561  0.7399
 562  0.7399
 563  0.7399
 564  0.7399
 565  0.7399
 566  0.7399
 567  0.7399
 568  0.7399
 569  0.7399
 570  0.7399
 571  0.7399
 572  0.7399
 573  0.7399
 574  0.7399
 575  0.7399
 576  0.7399
 577  0.7399
 578  0.7399
 579  0.7399
 580  0.7399
 581  0.7399
 582  0.7399
 583  0.7399
 584  0.7399
 585  0.7399
 586  0.7399
 587  0.7399
 588  0.7399
 589  0.7399
 590  0.7399
 591  0.7399
 592  0.7399
 593  0.7399
 594  0.7399
 595  0.7399
 596  0.7399
 597  0.7399
 598  0.7399
 599  0.7399
 600  0.7399
 601  0.7399
 602  0.7399
 603  0.7399
 604  0.7399
 605  0.7399
 606  0.7399
 607  0.7399
 608  0.7399
 609  0.7399
 610  0.7399
 611  0.7399
 612  0.7399
 613  0.7399
 614  0.7399
 615  0.7399
 616  0.7399
 617  0.7399
 618  0.7399
 619  0.7399
 620  0.7399
 621  0.7399
 622  0.7399
 623  0.7399
 624  0.7399
 625  0.7399
 626  0.7399
 627  0.7399
 628  0.7399
 629  0.7399
 630  0.7399
 631  0.7399
 632  0.7399
 633  0.7399
 634  0.7399
 635  0.7399
 636  0.7399
 637  0.7399
 638  0.7399
 639  0.7399
 640  0.7399
 641  0.7399
 642  0.7399
 643  0.7399
 644  0.7399
 645  0.7399
 646  0.7399
 647  0.7399
 648  0.7399
 649  0.7399
 650  0.7399
 651  0.7399
 652  0.7399
 653  0.7399
 654  0.7399
 655  0.7399
 656  0.7399
 657  0.7399
 658  0.7399
 659  0.7399
 660  0.7399
 661  0.7399
 662  0.7399
 663  0.7399
 664  0.7399
 665  0.7399
 666  0.7399
 667  0.7399
 668  0.7399
 669  0.7399
 670  0.7399
 671  0.7399
 672  0.7399
 673  0.7399
 674  0.7399
 675  0.7399
 676  0.7399
 677  0.7399
 678  0.7399
 679  0.7399
 680  0.7399
 681  0.7399
 682  0.7399
 683  0.7399
 684  0.7399
 685  0.7399
 686  0.7399
 687  0.7399
 688  0.7399
 689  0.7399
 690  0.7399
 691  0.7399
 692  0.7399
 693  0.7399
 694  0.7399
 695  0.7399
 696  0.7399
 697  0.7399
 698  0.7399
 699  0.7399
 700  0.7399
 701  0.7399
 702  0.7399
 703  0.7399
 704  0.7399
 705  0.7399
 706  0.7399
 707  0.7399
 708  0.7399
 709  0.7399
 710  0.7399
 711  0.7399
 712  0.7399
 713  0.7399
 714  0.7399
 715  0.7399
 716  0.7399
 717  0.7399
 718  0.7399
 719  0.7399
 720  0.7399
 721  0.7399
 722  0.7399
 723  0.7399
 724  0.7399
 725  0.7399
 726  0.7399
 727  0.7399
 728  0.7399
 729  0.7399
 730  0.7399
 731  0.7399
 732  0.7399
 733  0.7399
 734  0.7399
 735  0.7399
 736  0.7399
 737  0.7399
 738  0.7399
 739  0.7399
 740  0.7399
 741  0.7399
 742  0.7399
 743  0.7399
 744  0.7399
 745  0.7399
 746  0.7399
 747  0.7399
 748  0.7399
 749  0.7399
 750  0.7399
 751  0.7399
 752  0.7399
 753  0.7399
 754  0.7399
 755  0.7399
 756  0.7399
 757  0.7399
 758  0.7399
 759  0.7399
 760  0.7399
 761  0.7399
 762  0.7399
 763  0.7399
 764  0.7399
 765  0.7399
 766  0.7399
 767  0.7399
 768  0.7399
 769  0.7399
 770  0.7399
 771  0.7399
 772  0.7399
 773  0.7399
 774  0.7399
 775  0.7399
 776  0.7399
 777  0.7399
 778  0.7399
 779  0.7399
 780  0.7399
 781  0.7399
 782  0.7399
 783  0.7399
 784  0.7399
 785  0.7399
 786  0.7399
 787  0.7399
 788  0.7399
 789  0.7399
 790  0.7399
 791  0.7399
 792  0.7399
 793  0.7399
 794  0.7399
 795  0.7399
 796  0.7399
 797  0.7399
 798  0.7399
 799  0.7399
 800  0.7399
 801  0.7399
 802  0.7399
 803  0.7399
 804  0.7399
 805  0.7399
 806  0.7399
 807  0.7399
 808  0.7399
 809  0.7399
 810  0.7399
 811  0.7399
 812  0.7399
 813  0.7399
 814  0.7399
 815  0.7399
 816  0.7399
 817  0.7399
 818  0.7399
 819  0.7399
 820  0.7399
 821  0.7399
 822  0.7399
 823  0.7399
 824  0.7399
 825  0.7399
 826  0.7399
 827  0.7399
 828  0.7399
 829  0.7399
 830  0.7399
 831  0.7399
 832  0.7399
 833  0.7399
 834  0.7399
 835  0.7399
 836  0.7399
 837  0.7399
 838  0.7399
 839  0.7399
 840  0.7399
 841  0.7399
 842  0.7399
 843  0.7399
 844  0.7399
 845  0.7399
 846  0.7399
 847  0.7399
 848  0.7399
 849  0.7399
 850  0.7399
 851  0.7399
 852  0.7399
 853  0.7399
 854  0.7399
 855  0.7399
 856  0.7399
 857  0.7399
 858  0.7399
 859  0.7399
 860  0.7399
 861  0.7399
 862  0.7399
 863  0.7399
 864  0.7399
 865  0.7399
 866  0.7399
 867  0.7399
 868  0.7399
 869  0.7399
 870  0.7399
 871  0.7399
 872  0.7399
 873  0.7399
 874  0.7399
 875  0.7399
 876  0.7399
 877  0.7399
 878  0.7399
 879  0.7399
 880  0.7399
 881  0.7399
 882  0.7399
 883  0.7399
 884  0.7399
 885  0.7399
 886  0.7399
 887  0.7399
 888  0.7399
 889  0.7399
 890  0.7399
 891  0.7399
 892  0.7399
 893  0.7399
 894  0.7399
 895  0.7399
 896  0.7399
 897  0.7399
 898  0.7399
 899  0.7399
 900  0.7399
 901  0.7399
 902  0.7399
 903  0.7399
 904  0.7399
 905  0.7399
 906  0.7399
 907  0.7399
 908  0.7399
 909  0.7399
 910  0.7399
 911  0.7399
 912  0.7399
 913  0.7399
 914  0.7399
 915  0.7399
 916  0.7399
 917  0.7399
 918  0.7399
 919  0.7399
 920  0.7399
 921  0.7399
 922  0.7399
 923  0.7399
 924  0.7399
 925  0.7399
 926  0.7399
 927  0.7399
 928  0.7399
 929  0.7399
 930  0.7399
 931  0.7399
 932  0.7399
 933  0.7399
 934  0.7399
 935  0.7399
 936  0.7399
 937  0.7399
 938  0.7399
 939  0.7399
 940  0.7399
 941  0.7399
 942  0.7399
 943  0.7399
 944  0.7399
 945  0.7399
 946  0.7399
 947  0.7399
 948  0.7399
 949  0.7399
 950  0.7399
 951  0.7399
 952  0.7399
 953  0.7399
 954  0.7399
 955  0.7399
 956  0.7399
 957  0.7399
 958  0.7399
 959  0.7399
 960  0.7399
 961  0.7399
 962  0.7399
 963  0.7399
 964  0.7399
 965  0.7399
 966  0.7399
 967  0.7399
 968  0.7399
 969  0.7399
 970  0.7399
 971  0.7399
 972  0.7399
 973  0.7399
 974  0.7399
 975  0.7399
 976  0.7399
 977  0.7399
 978  0.7399
 979  0.7399
 980  0.7399
 981  0.7399
 982  0.7399
 983  0.7399
 984  0.7399
 985  0.7399
 986  0.7399
 987  0.7399
 988  0.7399
 989  0.7399
 990  0.7399
 991  0.7399
 992  0.7399
 993  0.7399
 994  0.7399
 995  0.7399
 996  0.7399
 997  0.7399
 998  0.7399
 999  0.7399
 1000  0.7399
 1001  0.7399
 1002  0.7399
 1003  0.7399
 1004  0.7399
 1005  0.7399
 1006  0.7399
 1007  0.7399
 1008  0.7399
 1009  0.7399
 1010  0.7399
 1011  0.7399
 1012  0.7399
 1013  0.7399
 1014  0.7399
 1015  0.7399
 1016  0.7399
 1017  0.7399
 1018  0.7399
 1019  0.7399
 1020  0.7399
 1021  0.7399
 1022  0.7399
 1023  0.7399
 1024  0.7399
 1025  0.7399
 1026  0.7399
 1027  0.7399
 1028  0.7399
 1029  0.7399
 1030  0.7399
 1031  0.7399
 1032  0.7399
 1033  0.7399
 1034  0.7399
 1035  0.7399
 1036  0.7399
 1037  0.7399
 1038  0.7399
 1039  0.7399
 1040  0.7399
 1041  0.7399
 1042  0.7399
 1043  0.7399
 1044  0.7399
 1045  0.7399
 1046  0.7399
 1047  0.7399
 1048  0.7399
 1049  0.7399
 1050  0.7399
 1051  0.7399
 1052  0.7399
 1053  0.7399
 1054  0.7399
 1055  0.7399
 1056  0.7399
 1057  0.7399
 1058  0.7399
 1059  0.7399
 1060  0.7399
 1061  0.7399
 1062  0.7399
 1063  0.7399
 1064  0.7399
 1065  0.7399
 1066  0.7399
 1067  0.7399
 1068  0.7399
 1069  0.7399
 1070  0.7399
 1071  0.7399
 1072  0.7399
 1073  0.7399
 1074  0.7399
 1075  0.7399
 1076  0.7399
 1077  0.7399
 1078  0.7399
 1079  0.7399
 1080  0.7399
 1081  0.7399
 1082  0.7399
 1083  0.7399
 1084  0.7399
 1085  0.7399
 1086  0.7399
 1087  0.7399
 1088  0.7399
 1089  0.7399
 1090  0.7399
 1091  0.7399
 1092  0.7399
 1093  0.7399
 1094  0.7399
 1095  0.7399
 1096  0.7399
 1097  0.7399
 1098  0.7399
 1099  0.7399
 1100  0.7399
 1101  0.7399
 1102  0.7399
 1103  0.7399
 1104  0.7399
 1105  0.7399
 1106  0.7399
 1107  0.7399
 1108  0.7399
 1109  0.7399
 1110  0.7399
 1111  0.7399
 1112  0.7399
 1113  0.7399
 1114  0.7399
 1115  0.7399
 1116  0.7399
 1117  0.7399
 1118  0.7399
 1119  0.7399
 1120  0.7399
 1121  0.7399
 1122  0.7399
 1123  0.7399
 1124  0.7399
 1125  0.7399
 1126  0.7399
 1127  0.7399
 1128  0.7399
 1129  0.7399
 1130  0.7399
 1131  0.7399
 1132  0.7399
 1133  0.7399
 1134  0.7399
 1135  0.7399
 1136  0.7399
 1137  0.7399
 1138  0.7399
 1139  0.7399
 1140  0.7399
 1141  0.7399
 1142  0.7399
 1143  0.7399
 1144  0.7399
 1145  0.7399
 1146  0.7399
 1147  0.7399
 1148  0.7399
 1149  0.7399
 1150  0.7399
 1151  0.7399
 1152  0.7399
 1153  0.7399
 1154  0.7399
 1155  0.7399
 1156  0.7399
 1157  0.7399
 1158  0.7399
 1159  0.7399
 1160  0.7399
 1161  0.7399
 1162  0.7399
 1163  0.7399
 1164  0.7399
 1165  0.7399
 1166  0.7399
 1167  0.7399
 1168  0.7399
 1169  0.7399
 1170  0.7399
 1171  0.7399
 1172  0.7399
 1173  0.7399
 1174  0.7399
 1175  0.7399
 1176  0.7399
 1177  0.7399
 1178  0.7399
 1179  0.7399
 1180  0.7399
 1181  0.7399
 1182  0.7399
 1183  0.7399
 1184  0.7399
 1185  0.7399
 1186  0.7399
 1187  0.7399
 1188  0.7399
 1189  0.7399
 1190  0.7399
 1191  0.7399
 1192  0.7399
 1193  0.7399
 1194  0.7399
 1195  0.7399
 1196  0.7399
 1197  0.7399
 1198  0.7399
 1199  0.7399
 1200  0.7399
 1201  0.7399
 1202  0.7399
 1203  0.7399
 1204  0.7399
 1205  0.7399
 1206  0.7399
 1207  0.7399
 1208  0.7399
 1209  0.7399
 1210  0.7399
 1211  0.7399
 1212  0.7399
 1213  0.7399
 1214  0.7399
 1215  0.7399
 1216  0.7399
 1217  0.7399
 1218  0.7399
 1219  0.7399
 1220  0.7399
 1221  0.7399
 1222  0.7399
 1223  0.7399
 1224  0.7399
 1225  0.7399
 1226  0.7399
 1227  0.7399
 1228  0.7399
 1229  0.7399
 1230  0.7399
 1231  0.7399
 1232  0.7399
 1233  0.7399
 1234  0.7399
 1235  0.7399
 1236  0.7399
 1237  0.7399
 1238  0.7399
 1239  0.7399
 1240  0.7399
 1241  0.7399
 1242  0.7399
 1243  0.7399
 1244  0.7399
 1245  0.7399
 1246  0.7399
 1247  0.7399
 1248  0.7399
 1249  0.7399
 1250  0.7399
 1251  0.7399
 1252  0.7399
 1253  0.7399
 1254  0.7399
 1255  0.7399
 1256  0.7399
 1257  0.7399
 1258  0.7399
 1259  0.7399
 1260  0.7399
 1261  0.7399
 1262  0.7399
 1263  0.7399
 1264  0.7399
 1265  0.7399
 1266  0.7399
 1267  0.7399
 1268  0.7399
 1269  0.7399
 1270  0.7399
 1271  0.7399
 1272  0.7399
 1273  0.7399
 1274  0.7399
 1275  0.7399
 1276  0.7399
 1277  0.7399
 1278  0.7399
 1279  0.7399
 1280  0.7399
 1281  0.7399
 1282  0.7399
 1283  0.7399
 1284  0.7399
 1285  0.7399
 1286  0.7399
 1287  0.7399
 1288  0.7399
 1289  0.7399
 1290  0.7399
 1291  0.7399
 1292  0.7399
 1293  0.7399
 1294  0.7399
 1295  0.7399
 1296  0.7399
 1297  0.7399
 1298  0.7399
 1299  0.7399
 1300  0.7399
 1301  0.7399
 1302  0.7399
 1303  0.7399
 1304  0.7399
 1305  0.7399
 1306  0.7399
 1307  0.7399
 1308  0.7399
 1309  0.7399
 1310  0.7399
 1311  0.7399
 1312  0.7399
 1313  0.7399
 1314  0.7399
 1315  0.7399
 1316  0.7399
 1317  0.7399
 1318  0.7399
 1319  0.7399
 1320  0.7399
 1321  0.7399
 1322  0.7399
 1323  0.7399
 1324  0.7399
 1325  0.7399
 1326  0.7399
 1327  0.7399
 1328  0.7399
 1329  0.7399
 1330  0.7399
 1331  0.7399
 1332  0.7399
 1333  0.7399
 1334  0.7399
 1335  0.7399
 1336  0.7399
 1337  0.7399
 1338  0.7399
 1339  0.7399
 1340  0.7399
 1341  0.7399
 1342  0.7399
 1343  0.7399
 1344  0.7399
 1345  0.7399
 1346  0.7399
 1347  0.7399
 1348  0.7399
 1349  0.7399
 1350  0.7399
 1351  0.7399
 1352  0.7399
 1353  0.7399
 1354  0.7399
 1355  0.7399
 1356  0.7399
 1357  0.7399
 1358  0.7399
 1359  0.7399
 1360  0.7399
 1361  0.7399
 1362  0.7399
 1363  0.7399
 1364  0.7399
 1365  0.7399
 1366  0.7399
 1367  0.7399
 1368  0.7399
 1369  0.7399
 1370  0.7399
 1371  0.7399
 1372  0.7399
 1373  0.7399
 1374  0.7399
 1375  0.7399
 1376  0.7399
 1377  0.7399
 1378  0.7399
 1379  0.7399
 1380  0.7399
 1381  0.7399
 1382  0.7399
 1383  0.7399
 1384  0.7399
 1385  0.7399
 1386  0.7399
 1387  0.7399
 1388  0.7399
 1389  0.7399
 1390  0.7399
 1391  0.7399
 1392  0.7399
 1393  0.7399
 1394  0.7399
 1395  0.7399
 1396  0.7399
 1397  0.7399
 1398  0.7399
 1399  0.7399
 1400  0.7399
 1401  0.7399
 1402  0.7399
 1403  0.7399
 1404  0.7399
 1405  0.7399
 1406  0.7399
 1407  0.7399
 1408  0.7399
 1409  0.7399
 1410  0.7399
 1411  0.7399
 1412  0.7399
 1413  0.7399
 1414  0.7399
 1415  0.7399
 1416  0.7399
 1417  0.7399
 1418  0.7399
 1419  0.7399
 1420  0.7399
 1421  0.7399
 1422  0.7399
 1423  0.7399
 1424  0.7399
 1425  0.6856
 1426  0.6856
 1427  0.6856
 1428  0.6856
 1429  0.6856
 1430  0.6856
 1431  0.6856
 1432  0.6856
 1433  0.6856
 1434  0.6856
 1435  0.6856
 1436  0.6856
 1437  0.6856
 1438  0.6856
 1439  0.6856
 1440  0.6856
 1441  0.6856
 1442  0.6856
 1443  0.6856
 1444  0.6856
 1445  0.6856
 1446  0.6856
 1447  0.6856
 1448  0.6856
 1449  0.6856
 1450  0.6856
 1451  0.6856
 1452  0.6856
 1453  0.6856
 1454  0.6856
 1455  0.6856
 1456  0.6856
 1457  0.6856
 1458  0.6856
 1459  0.6856
 1460  0.6856
 1461  0.6856
 1462  0.6856
 1463  0.6856
 1464  0.6856
 1465  0.6856
 1466  0.6856
 1467  0.6856
 1468  0.6856
 1469  0.6856
 1470  0.6856
 1471  0.6856
 1472  0.6856
 1473  0.6856
 1474  0.6856
 1475  0.6856
 1476  0.6856
 1477  0.6856
 1478  0.6856
 1479  0.6856
 1480  0.6856
 1481  0.6856
 1482  0.6856
 1483  0.6856
 1484  0.6856
 1485  0.6856
 1486  0.6856
 1487  0.6856
 1488  0.6856
 1489  0.6856
 1490  0.6856
 1491  0.6856
 1492  0.6856
 1493  0.6856
 1494  0.6856
 1495  0.6856
 1496  0.6856
 1497  0.6856
 1498  0.6856
 1499  0.6856
 1500  0.6856
 1501  0.6856
 1502  0.6856
 1503  0.6856
 1504  0.6856
 1505  0.6856
 1506  0.6856
 1507  0.6856
 1508  0.6856
 1509  0.6856
 1510  0.6856
 1511  0.6856
 1512  0.6856
 1513  0.6856
 1514  0.6856
 1515  0.6856
 1516  0.6856
 1517  0.6856
 1518  0.6856
 1519  0.6856
 1520  0.6856
 1521  0.6856
 1522  0.6856
 1523  0.6856
 1524  0.6856
 1525  0.6856
 1526  0.6856
 1527  0.6856
 1528  0.6856
 1529  0.6856
 1530  0.6856
 1531  0.6856
 1532  0.6856
 1533  0.6856
 1534  0.6856
 1535  0.6856
 1536  0.6856
 1537  0.6856
 1538  0.6856
 1539  0.6856
 1540  0.6856
 1541  0.6856
 1542  0.6856
 1543  0.6856
 1544  0.6856
 1545  0.6856
 1546  0.6856
 1547  0.6856
 1548  0.6856
 1549  0.6856
 1550  0.6856
 1551  0.6856
 1552  0.6856
 1553  0.6856
 1554  0.6856
 1555  0.6856
 1556  0.6856
 1557  0.6856
 1558  0.6856
 1559  0.6856
 1560  0.6856
 1561  0.6856
 1562  0.6856
 1563  0.6856
 1564  0.6856
 1565  0.6856
 1566  0.6856
 1567  0.6856
 1568  0.6856
 1569  0.6856
 1570  0.6856
 1571  0.6856
 1572  0.6856
 1573  0.6856
 1574  0.6856
 1575  0.6856
 1576  0.6856
 1577  0.6856
 1578  0.6856
 1579  0.6856
 1580  0.6856
 1581  0.6856
 1582  0.6856
 1583  0.6856
 1584  0.6856
 1585  0.6856
 1586  0.6856
 1587  0.6856
 1588  0.6856
 1589  0.6856
 1590  0.6856
 1591  0.6856
 1592  0.6856
 1593  0.6856
 1594  0.6856
 1595  0.6856
 1596  0.6856
 1597  0.6856
 1598  0.6856
 1599  0.6856
 1600  0.6856
 1601  0.6856
 1602  0.6856
 1603  0.6856
 1604  0.6856
 1605  0.6856
 1606  0.6856
 1607  0.6856
 1608  0.6856
 1609  0.6856
 1610  0.6856
 1611  0.6856
 1612  0.6856
 1613  0.6856
 1614  0.6856
 1615  0.6856
 1616  0.6856
 1617  0.6856
 1618  0.6856
 1619  0.6856
 1620  0.6856
 1621  0.6856
 1622  0.6856
 1623  0.6856
 1624  0.6856
 1625  0.6856
 1626  0.6856
 1627  0.6856
 1628  0.6856
 1629  0.6856
 1630  0.6856
 1631  0.6856
 1632  0.6856
 1633  0.6856
 1634  0.6856
 1635  0.6856
 1636  0.6856
 1637  0.6856
 1638  0.6856
 1639  0.6856
 1640  0.6856
 1641  0.6856
 1642  0.6856
 1643  0.6856
 1644  0.6856
 1645  0.6856
 1646  0.6856
 1647  0.6856
 1648  0.6856
 1649  0.6856
 1650  0.6856
 1651  0.6856
 1652  0.6856
 1653  0.6856
 1654  0.6856
 1655  0.6856
 1656  0.6856
 1657  0.6856
 1658  0.6856
 1659  0.6856
 1660  0.6856
 1661  0.6856
 1662  0.6856
 1663  0.6856
 1664  0.6856
 1665  0.6856
 1666  0.6856
 1667  0.6856
 1668  0.6856
 1669  0.6856
 1670  0.6856
 1671  0.6856
 1672  0.6856
 1673  0.6856
 1674  0.6856
 1675  0.6856
 1676  0.6856
 1677  0.6856
 1678  0.6856
 1679  0.6856
 1680  0.6856
 1681  0.6856
 1682  0.6856
 1683  0.6856
 1684  0.6856
 1685  0.6856
 1686  0.6856
 1687  0.6856
 1688  0.6856
 1689  0.6856
 1690  0.6856
 1691  0.6856
 1692  0.6856
 1693  0.6856
 1694  0.6856
 1695  0.6856
 1696  0.6856
 1697  0.6856
 1698  0.6856
 1699  0.6856
 1700  0.6856
 1701  0.6856
 1702  0.6856
 1703  0.6856
 1704  0.6856
 1705  0.6856
 1706  0.6856
 1707  0.6856
 1708  0.6856
 1709  0.6856
 1710  0.6856
 1711  0.6856
 1712  0.6856
 1713  0.6856
 1714  0.6856
 1715  0.6856
 1716  0.6856
 1717  0.6856
 1718  0.6856
 1719  0.6856
 1720  0.6856
 1721  0.6856
 1722  0.6856
 1723  0.6856
 1724  0.6856
 1725  0.6856
 1726  0.6856
 1727  0.6856
 1728  0.6856
 1729  0.6856
 1730  0.6856
 1731  0.6856
 1732  0.6856
 1733  0.6856
 1734  0.6856
 1735  0.6856
 1736  0.6856
 1737  0.6856
 1738  0.6856
 1739  0.6856
 1740  0.6856
 1741  0.6856
 1742  0.6856
 1743  0.6856
 1744  0.6856
 1745  0.6856
 1746  0.6856
 1747  0.6856
 1748  0.6856
 1749  0.6856
 1750  0.6856
 1751  0.6856
 1752  0.6856
 1753  0.6856
 1754  0.6856
 1755  0.6856
 1756  0.6856
 1757  0.6856
 1758  0.6856
 1759  0.6856
 1760  0.6856
 1761  0.6856
 1762  0.6856
 1763  0.6856
 1764  0.6856
 1765  0.6856
 1766  0.6856
 1767  0.6856
 1768  0.6856
 1769  0.6856
 1770  0.6856
 1771  0.6856
 1772  0.6856
 1773  0.6856
 1774  0.6856
 1775  0.6856
 1776  0.6856
 1777  0.6856
 1778  0.6856
 1779  0.6856
 1780  0.6856
 1781  0.6856
 1782  0.6856
 1783  0.6856
 1784  0.6856
 1785  0.6856
 1786  0.6856
 1787  0.6856
 1788  0.6856
 1789  0.6856
 1790  0.6856
 1791  0.6856
 1792  0.6856
 1793  0.6856
 1794  0.6856
 1795  0.6856
 1796  0.6856
 1797  0.6856
 1798  0.6856
 1799  0.6856
 1800  0.6856
 1801  0.6856
 1802  0.6856
 1803  0.6856
 1804  0.6856
 1805  0.6856
 1806  0.6856
 1807  0.6856
 1808  0.6856
 1809  0.6856
 1810  0.6856
 1811  0.6856
 1812  0.6856
 1813  0.6856
 1814  0.6856
 1815  0.6856
 1816  0.6856
 1817  0.6856
 1818  0.6856
 1819  0.6856
 1820  0.6856
 1821  0.6856
 1822  0.6856
 1823  0.6856
 1824  0.6856
 1825  0.6856
 1826  0.6856
 1827  0.6856
 1828  0.6856
 1829  0.6856
 1830  0.6856
 1831  0.6856
 1832  0.6856
 1833  0.6856
 1834  0.6856
 1835  0.6856
 1836  0.6856
 1837  0.6856
 1838  0.6856
 1839  0.6856
 1840  0.6856
 1841  0.6856
 1842  0.6856
 1843  0.6856
 1844  0.6856
 1845  0.6856
 1846  0.6856
 1847  0.6856
 1848  0.6856
 1849  0.6856
 1850  0.6856
 1851  0.6856
 1852  0.6856
 1853  0.6856
 1854  0.6856
 1855  0.6856
 1856  0.6856
 1857  0.6856
 1858  0.6856
 1859  0.6856
 1860  0.6856
 1861  0.6856
 1862  0.6856
 1863  0.6856
 1864  0.6856
 1865  0.6856
 1866  0.6856
 1867  0.6856
 1868  0.6856
 1869  0.6856
 1870  0.6856
 1871  0.6856
 1872  0.6856
 1873  0.6856
 1874  0.6856
 1875  0.6856
 1876  0.6856
 1877  0.6856
 1878  0.6856
 1879  0.6856
 1880  0.6856
 1881  0.6856
 1882  0.6856
 1883  0.6856
 1884  0.6856
 1885  0.6856
 1886  0.6856
 1887  0.6856
 1888  0.6856
 1889  0.6856
 1890  0.6856
 1891  0.6856
 1892  0.6856
 1893  0.6856
 1894  0.6856
 1895  0.6856
 1896  0.6856
 1897  0.6856
 1898  0.6856
 1899  0.6856
 1900  0.6856
 1901  0.6856
 1902  0.6856
 1903  0.6856
 1904  0.6856
 1905  0.6856
 1906  0.6856
 1907  0.6856
 1908  0.6856
 1909  0.6856
 1910  0.6856
 1911  0.6856
 1912  0.6856
 1913  0.6856
 1914  0.6856
 1915  0.6856
 1916  0.6856
 1917  0.6856
 1918  0.6856
 1919  0.6856
 1920  0.6856
 1921  0.6856
 1922  0.6856
 1923  0.6856
 1924  0.6856
 1925  0.6856
 1926  0.6856
 1927  0.6856
 1928  0.6856
 1929  0.6856
 1930  0.6856
 1931  0.6856
 1932  0.6856
 1933  0.6856
 1934  0.6856
 1935  0.6856
 1936  0.6856
 1937  0.6856
 1938  0.6856
 1939  0.6856
 1940  0.6856
 1941  0.6856
 1942  0.6856
 1943  0.6856
 1944  0.6856
 1945  0.6856
 1946  0.6856
 1947  0.6856
 1948  0.6856
 1949  0.6856
 1950  0.6856
 1951  0.6856
 1952  0.6856
 1953  0.6856
 1954  0.6856
 1955  0.6856
 1956  0.6856
 1957  0.6856
 1958  0.6856
 1959  0.6856
 1960  0.6856
 1961  0.6856
 1962  0.6856
 1963  0.6856
 1964  0.6856
 1965  0.6856
 1966  0.6856
 1967  0.6856
 1968  0.6856
 1969  0.6856
 1970  0.6856
 1971  0.6856
 1972  0.6856
 1973  0.6856
 1974  0.6856
 1975  0.6856
 1976  0.6856
 1977  0.6856
 1978  0.6856
 1979  0.6856
 1980  0.6856
 1981  0.6856
 1982  0.6856
 1983  0.6856
 1984  0.6856
 1985  0.6856
 1986  0.6856
 1987  0.6856
 1988  0.6856
 1989  0.6856
 1990  0.6856
 1991  0.6856
 1992  0.6856
 1993  0.6856
 1994  0.6856
 1995  0.6856
 1996  0.6856
 1997  0.6856
 1998  0.6856
 1999  0.6856
 2000  0.6856
 2001  0.6856
 2002  0.6856
 2003  0.6856
 2004  0.6856
 2005  0.6856
 2006  0.6856
 2007  0.6856
 2008  0.6856
 2009  0.6856
 2010  0.6856
 2011  0.6856
 2012  0.6856
 2013  0.6856
 2014  0.6856
 2015  0.6856
 2016  0.6856
 2017  0.6856
 2018  0.6856
 2019  0.6856
 2020  0.6856
 2021  0.6856
 2022  0.6856
 2023  0.6856
 2024  0.6856
 2025  0.6856
 2026  0.6856
 2027  0.6856
 2028  0.6856
 2029  0.6856
 2030  0.6856
 2031  0.6856
 2032  0.6856
 2033  0.6856
 2034  0.6856
 2035  0.6856
 2036  0.6856
 2037  0.6856
 2038  0.6856
 2039  0.6856
 2040  0.6856
 2041  0.6856
 2042  0.6856
 2043  0.6856
 2044  0.6856
 2045  0.6856
 2046  0.6856
 2047  0.6856
 2048  0.6856
 2049  0.6856
 2050  0.6856
 2051  0.6856
 2052  0.6856
 2053  0.6856
 2054  0.6856
 2055  0.6856
 2056  0.6856
 2057  0.6856
 2058  0.6856
 2059  0.6856
 2060  0.6856
 2061  0.6856
 2062  0.6856
 2063  0.6856
 2064  0.6856
 2065  0.6856
 2066  0.6856
 2067  0.6856
 2068  0.6856
 2069  0.6856
 2070  0.6856
 2071  0.6856
 2072  0.6856
 2073  0.6856
 2074  0.6856
 2075  0.6856
 2076  0.6856
 2077  0.6856
 2078  0.6856
 2079  0.6856
 2080  0.6856
 2081  0.6856
 2082  0.6856
 2083  0.6856
 2084  0.6856
 2085  0.6856
 2086  0.6856
 2087  0.6856
 2088  0.6856
 2089  0.6856
 2090  0.6856
 2091  0.6856
 2092  0.6856
 2093  0.6856
 2094  0.6856
 2095  0.6856
 2096  0.6856
 2097  0.6856
 2098  0.6856
 2099  0.6856
 2100  0.6856
 2101  0.6856
 2102  0.6856
 2103  0.6856
 2104  0.6856
 2105  0.6856
 2106  0.6856
 2107  0.6856
 2108  0.6856
 2109  0.6856
 2110  0.6856
 2111  0.6856
 2112  0.6856
 2113  0.6856
 2114  0.6856
 2115  0.6856
 2116  0.6856
 2117  0.6856
 2118  0.6856
 2119  0.6856
 2120  0.6856
 2121  0.6856
 2122  0.6856
 2123  0.6856
 2124  0.6856
 2125  0.6856
 2126  0.6856
 2127  0.6856
 2128  0.6856
 2129  0.6856
 2130  0.6856
 2131  0.6856
 2132  0.6856
 2133  0.6856
 2134  0.6856
 2135  0.6856
 2136  0.6856
 2137  0.6856
 2138  0.6856
 2139  0.6856
 2140  0.6856
 2141  0.6856
 2142  0.6856
 2143  0.6856
 2144  0.6856
 2145  0.6856
 2146  0.6856
 2147  0.6856
 2148  0.6856
 2149  0.6856
 2150  0.6856
 2151  0.6856
 2152  0.6856
 2153  0.6856
 2154  0.6856
 2155  0.6856
 2156  0.6856
 2157  0.6856
 2158  0.6856
 2159  0.6856
 2160  0.6856
 2161  0.6856
 2162  0.6856
 2163  0.6856
 2164  0.6856
 2165  0.6856
 2166  0.6856
 2167  0.6856
 2168  0.6856
 2169  0.6856
 2170  0.6856
 2171  0.6856
 2172  0.6856
 2173  0.6856
 2174  0.6856
 2175  0.6856
 2176  0.6856
 2177  0.6856
 2178  0.6856
 2179  0.6856
 2180  0.6856
 2181  0.6856
 2182  0.6856
 2183  0.6856
 2184  0.6856
 2185  0.6856
 2186  0.6856
 2187  0.6856
 2188  0.6856
 2189  0.6856
 2190  0.6856
 2191  0.6856
 2192  0.6856
 2193  0.6856
 2194  0.6856
 2195  0.6856
 2196  0.6856
 2197  0.6856
 2198  0.6856
 2199  0.6856
 2200  0.6856
 2201  0.6856
 2202  0.6856
 2203  0.6856
 2204  0.6856
 2205  0.6856
 2206  0.6856
 2207  0.6856
 2208  0.6856
 2209  0.6856
 2210  0.6856
 2211  0.6856
 2212  0.6856
 2213  0.6856
 2214  0.6856
 2215  0.6856
 2216  0.6856
 2217  0.6856
 2218  0.6856
 2219  0.6856
 2220  0.6856
 2221  0.6856
 2222  0.6856
 2223  0.6856
 2224  0.6856
 2225  0.6856
 2226  0.6856
 2227  0.6856
 2228  0.6856
 2229  0.6856
 2230  0.6856
 2231  0.6856
 2232  0.6856
 2233  0.6856
 2234  0.6856
 2235  0.6856
 2236  0.6856
 2237  0.6856
 2238  0.6856
 2239  0.6856
 2240  0.6856
 2241  0.6856
 2242  0.6856
 2243  0.6856
 2244  0.6856
 2245  0.6856
 2246  0.6856
 2247  0.6856
 2248  0.6856
 2249  0.6856
 2250  0.6856
 2251  0.6856
 2252  0.6856
 2253  0.6856
 2254  0.6856
 2255  0.6856
 2256  0.6856
 2257  0.6856
 2258  0.6856
 2259  0.6856
 2260  0.6856
 2261  0.6856
 2262  0.6856
 2263  0.6856
 2264  0.6856
 2265  0.6856
 2266  0.6856
 2267  0.6856
 2268  0.6856
 2269  0.6856
 2270  0.6856
 2271  0.6856
 2272  0.6856
 2273  0.6856
 2274  0.6856
 2275  0.6856
 2276  0.6856
 2277  0.6856
 2278  0.6856
 2279  0.6856
 2280  0.6856
 2281  0.6856
 2282  0.6856
 2283  0.6856
 2284  0.6856
 2285  0.6856
 2286  0.6856
 2287  0.6856
 2288  0.6856
 2289  0.6856
 2290  0.6856
 2291  0.6856
 2292  0.6856
 2293  0.6856
 2294  0.6856
 2295  0.6856
 2296  0.6856
 2297  0.6856
 2298  0.6856
 2299  0.6856
 2300  0.6856
 2301  0.6856
 2302  0.6856
 2303  0.6856
 2304  0.6856
 2305  0.6856
 2306  0.6856
 2307  0.6856
 2308  0.6856
 2309  0.6856
 2310  0.6856
 2311  0.6856
 2312  0.6856
 2313  0.6856
 2314  0.6856
 2315  0.6856
 2316  0.6856
 2317  0.6856
 2318  0.6856
 2319  0.6856
 2320  0.6856
 2321  0.6856
 2322  0.6856
 2323  0.6856
 2324  0.6856
 2325  0.6856
 2326  0.6856
 2327  0.6856
 2328  0.6856
 2329  0.6856
 2330  0.6856
 2331  0.6856
 2332  0.6856
 2333  0.6856
 2334  0.6856
 2335  0.6856
 2336  0.6856
 2337  0.6856
 2338  0.6856
 2339  0.6856
 2340  0.6856
 2341  0.6856
 2342  0.6856
 2343  0.6856
 2344  0.6856
 2345  0.6856
 2346  0.6856
 2347  0.6856
 2348  0.6856
 2349  0.6856
 2350  0.6856
 2351  0.6856
 2352  0.6856
 2353  0.6856
 2354  0.6856
 2355  0.6856
 2356  0.6856
 2357  0.6856
 2358  0.6856
 2359  0.6856
 2360  0.6856
 2361  0.6856
 2362  0.6856
 2363  0.6856
 2364  0.6856
 2365  0.6856
 2366  0.6856
 2367  0.6856
 2368  0.6856
 2369  0.6856
 2370  0.6856
 2371  0.6856
 2372  0.6856
 2373  0.6856
 2374  0.6856
 2375  0.6856
 2376  0.6856
 2377  0.6856
 2378  0.6856
 2379  0.6856
 2380  0.6856
 2381  0.6856
 2382  0.6856
 2383  0.6856
 2384  0.6856
 2385  0.6856
 2386  0.6856
 2387  0.6856
 2388  0.6856
 2389  0.6856
 2390  0.6856
 2391  0.6856
 2392  0.6856
 2393  0.6856
 2394  0.6856
 2395  0.6856
 2396  0.6856
 2397  0.6856
 2398  0.6856
 2399  0.6856
 2400  0.6856
 2401  0.6856
 2402  0.6856
 2403  0.6856
 2404  0.6856
 2405  0.6856
 2406  0.6856
 2407  0.6856
 2408  0.6856
 2409  0.6856
 2410  0.6856
 2411  0.6856
 2412  0.6856
 2413  0.6856
 2414  0.6856
 2415  0.6856
 2416  0.6856
 2417  0.6856
 2418  0.6856
 2419  0.6856
 2420  0.6856
 2421  0.6856
 2422  0.6856
 2423  0.6856
 2424  0.6856
 2425  0.6856
 2426  0.6856
 2427  0.6856
 2428  0.6856
 2429  0.6856
 2430  0.6856
 2431  0.6856
 2432  0.6856
 2433  0.6856
 2434  0.6856
 2435  0.6856
 2436  0.6856
 2437  0.6856
 2438  0.6856
 2439  0.6856
 2440  0.6856
 2441  0.6856
 2442  0.6856
 2443  0.6856
 2444  0.6856
 2445  0.6856
 2446  0.6856
 2447  0.6856
 2448  0.6856
 2449  0.6856
 2450  0.6856
 2451  0.6856
 2452  0.6856
 2453  0.6856
 2454  0.6856
 2455  0.6856
 2456  0.6856
 2457  0.6856
 2458  0.6856
 2459  0.6856
 2460  0.6856
 2461  0.6856
 2462  0.6856
 2463  0.6856
 2464  0.6856
 2465  0.6856
 2466  0.6856
 2467  0.6856
 2468  0.6856
 2469  0.6856
 2470  0.6856
 2471  0.6856
 2472  0.6856
 2473  0.6856
 2474  0.6856
 2475  0.6856
 2476  0.6856
 2477  0.6856
 2478  0.6856
 2479  0.6856
 2480  0.6856
 2481  0.6856
 2482  0.6856
 2483  0.6856
 2484  0.6856
 2485  0.6856
 2486  0.6856
 2487  0.6856
 2488  0.6856
 2489  0.6856
 2490  0.6856
 2491  0.6856
 2492  0.6856
 2493  0.6856
 2494  0.6856
 2495  0.6856
 2496  0.6856
 2497  0.6856
 2498  0.6856
 2499  0.6856
 2500  0.6856
 2501  0.6856
 2502  0.6856
 2503  0.6856
 2504  0.6856
 2505  0.6856
 2506  0.6856
 2507  0.6856
 2508  0.6856
 2509  0.6856
 2510  0.6856
 2511  0.6856
 2512  0.6856
 2513  0.6856
 2514  0.6856
 2515  0.6856
 2516  0.6856
 2517  0.6856
 2518  0.6856
 2519  0.6856
 2520  0.6856
 2521  0.6856
 2522  0.6856
 2523  0.6856
 2524  0.6856
 2525  0.6856
 2526  0.6856
 2527  0.6856
 2528  0.6856
 2529  0.6856
 2530  0.6856
 2531  0.6856
 2532  0.6856
 2533  0.6856
 2534  0.6856
 2535  0.6856
 2536  0.6856
 2537  0.6856
 2538  0.6856
 2539  0.6856
 2540  0.6856
 2541  0.6856
 2542  0.6856
 2543  0.6856
 2544  0.6856
 2545  0.6856
 2546  0.6856
 2547  0.6856
 2548  0.6856
 2549  0.6856
 2550  0.6856
 2551  0.6856
 2552  0.6856
 2553  0.6856
 2554  0.6856
 2555  0.6856
 2556  0.6856
 2557  0.6856
 2558  0.6856
 2559  0.6856
 2560  0.6856
 2561  0.6856
 2562  0.6856
 2563  0.6856
 2564  0.6856
 2565  0.6856
 2566  0.6856
 2567  0.6856
 2568  0.6856
 2569  0.6856
 2570  0.6856
 2571  0.6856
 2572  0.6856
 2573  0.6856
 2574  0.6856
 2575  0.6856
 2576  0.6856
 2577  0.6856
 2578  0.6856
 2579  0.6856
 2580  0.6856
 2581  0.6856
 2582  0.6856
 2583  0.6856
 2584  0.6856
 2585  0.6856
 2586  0.6856
 2587  0.6856
 2588  0.6856
 2589  0.6856
 2590  0.6856
 2591  0.6856
 2592  0.6856
 2593  0.6856
 2594  0.6856
 2595  0.6856
 2596  0.6856
 2597  0.6856
 2598  0.6856
 2599  0.6856
 2600  0.6856
 2601  0.6856
 2602  0.6856
 2603  0.6856
 2604  0.6856
 2605  0.6856
 2606  0.6856
 2607  0.6856
 2608  0.6856
 2609  0.6856
 2610  0.6856
 2611  0.6856
 2612  0.6856
 2613  0.6856
 2614  0.6856
 2615  0.6856
 2616  0.6856
 2617  0.6856
 2618  0.6856
 2619  0.6856
 2620  0.6856
 2621  0.6856
 2622  0.6856
 2623  0.6856
 2624  0.6856
 2625  0.6856
 2626  0.6856
 2627  0.6856
 2628  0.6856
 2629  0.6856
 2630  0.6856
 2631  0.6856
 2632  0.6856
 2633  0.6856
 2634  0.6856
 2635  0.6856
 2636  0.6856
 2637  0.6856
 2638  0.6856
 2639  0.6856
 2640  0.6856
 2641  0.6856
 2642  0.6856
 2643  0.6856
 2644  0.6856
 2645  0.6856
 2646  0.6856
 2647  0.6856
 2648  0.6856
 2649  0.6856
 2650  0.6856
 2651  0.6856
 2652  0.6856
 2653  0.6856
 2654  0.6856
 2655  0.6856
 2656  0.6856
 2657  0.6856
 2658  0.6856
 2659  0.6856
 2660  0.6856
 2661  0.6856
 2662  0.6856
 2663  0.6856
 2664  0.6856
 2665  0.6856
 2666  0.6856
 2667  0.6856
 2668  0.6856
 2669  0.6856
 2670  0.6856
 2671  0.6856
 2672  0.6856
 2673  0.6856
 2674  0.6856
 2675  0.6856
 2676  0.6856
 2677  0.6856
 2678  0.6856
 2679  0.6856
 2680  0.6856
 2681  0.6856
 2682  0.6856
 2683  0.6856
 2684  0.6856
 2685  0.6856
 2686  0.6856
 2687  0.6856
 2688  0.6856
 2689  0.6856
 2690  0.6856
 2691  0.6856
 2692  0.6856
 2693  0.6856
 2694  0.6856
 2695  0.6856
 2696  0.6856
 2697  0.6856
 2698  0.6856
 2699  0.6856
 2700  0.6856
 2701  0.6856
 2702  0.6856
 2703  0.6856
 2704  0.6856
 2705  0.6856
 2706  0.6856
 2707  0.6856
 2708  0.6856
 2709  0.6856
 2710  0.6856
 2711  0.6856
 2712  0.6856
 2713  0.6856
 2714  0.6856
 2715  0.6856
 2716  0.6856
 2717  0.6856
 2718  0.6856
 2719  0.6856
 2720  0.6856
 2721  0.6856
 2722  0.6856
 2723  0.6856
 2724  0.6856
 2725  0.6856
 2726  0.6856
 2727  0.6856
 2728  0.6856
 2729  0.6856
 2730  0.6856
 2731  0.6856
 2732  0.6856
 2733  0.6856
 2734  0.6856
 2735  0.6856
 2736  0.6856
 2737  0.6856
 2738  0.6856
 2739  0.6856
 2740  0.6856
 2741  0.6856
 2742  0.6856
 2743  0.6856
 2744  0.6856
 2745  0.6856
 2746  0.6856
 2747  0.6856
 2748  0.6856
 2749  0.6856
 2750  0.6856
 2751  0.6856
 2752  0.6856
 2753  0.6856
 2754  0.6856
 2755  0.6856
 2756  0.6856
 2757  0.6856
 2758  0.6856
 2759  0.6856
 2760  0.6856
 2761  0.6856
 2762  0.6856
 2763  0.6856
 2764  0.6856
 2765  0.6856
 2766  0.6856
 2767  0.6856
 2768  0.6856
 2769  0.6856
 2770  0.6856
 2771  0.6856
 2772  0.6856
 2773  0.6856
 2774  0.6856
 2775  0.6856
 2776  0.6856
 2777  0.6856
 2778  0.6856
 2779  0.6856
 2780  0.6856
 2781  0.6856
 2782  0.6856
 2783  0.6856
 2784  0.6856
 2785  0.6856
 2786  0.6856
 2787  0.6856
 2788  0.6856
 2789  0.6856
 2790  0.6856
 2791  0.6856
 2792  0.6856
 2793  0.6856
 2794  0.6856
 2795  0.6856
 2796  0.6856
 2797  0.6856
 2798  0.6856
 2799  0.6856
 2800  0.6856
 2801  0.6856
 2802  0.6856
 2803  0.6856
 2804  0.6856
 2805  0.6856
 2806  0.6856
 2807  0.6856
 2808  0.6856
 2809  0.6856
 2810  0.6856
 2811  0.6856
 2812  0.6856
 2813  0.6856
 2814  0.6856
 2815  0.6856
 2816  0.6856
 2817  0.6856
 2818  0.6856
 2819  0.6856
 2820  0.6856
 2821  0.6856
 2822  0.6856
 2823  0.6856
 2824  0.6856
 2825  0.6856
 2826  0.6856
 2827  0.6856
 2828  0.6856
 2829  0.6856
 2830  0.6856
 2831  0.6856
 2832  0.6856
 2833  0.6856
 2834  0.6856
 2835  0.6856
 2836  0.6856
 2837  0.6856
 2838  0.6856
 2839  0.6856
 2840  0.6856
 2841  0.6856
 2842  0.6856
 2843  0.6856
 2844  0.6856
 2845  0.6856
 2846  0.6856
 2847  0.6856
 2848  0.6856
 2849  0.6856
 2850  0.6856
 2851  0.6856
 2852  0.6856
 2853  0.6856
 2854  0.6856
 2855  0.6856
 2856  0.6856
 2857  0.6856
 2858  0.6856
 2859  0.6856
 2860  0.6856
 2861  0.6856
 2862  0.6856
 2863  0.6856
 2864  0.6856
 2865  0.6856
 2866  0.6856
 2867  0.6856
 2868  0.6856
 2869  0.6856
 2870  0.6856
 2871  0.6856
 2872  0.6856
 2873  0.6856
 2874  0.6856
 2875  0.6856
 2876  0.6856
 2877  0.6856
 2878  0.6856
 2879  0.6856
 2880  0.6856
 2881  0.6856
 2882  0.6856
 2883  0.6856
 2884  0.6856
 2885  0.6856
 2886  0.6856
 2887  0.6856
 2888  0.6856
 2889  0.6856
 2890  0.6856
 2891  0.6856
 2892  0.6856
 2893  0.6856
 2894  0.6856
 2895  0.6856
 2896  0.6856
 2897  0.6856
 2898  0.6856
 2899  0.6856
 2900  0.6856
 2901  0.6856
 2902  0.6856
 2903  0.6856
 2904  0.6856
 2905  0.6856
 2906  0.6856
 2907  0.6856
 2908  0.6856
 2909  0.6856
 2910  0.6856
 2911  0.6856
 2912  0.6856
 2913  0.6856
 2914  0.6856
 2915  0.6856
 2916  0.6856
 2917  0.6856
 2918  0.6856
 2919  0.6856
 2920  0.6856
 2921  0.6856
 2922  0.6856
 2923  0.6856
 2924  0.6856
 2925  0.6856
 2926  0.6856
 2927  0.6856
 2928  0.6856
 2929  0.6856
 2930  0.6856
 2931  0.6856
 2932  0.6856
 2933  0.6856
 2934  0.6856
 2935  0.6856
 2936  0.6856
 2937  0.6856
 2938  0.6856
 2939  0.6856
 2940  0.6856
 2941  0.6856
 2942  0.6856
 2943  0.6856
 2944  0.6856
 2945  0.6856
 2946  0.6856
 2947  0.6856
 2948  0.6856
 2949  0.6856
 2950  0.6856
 2951  0.6856
 2952  0.6856
 2953  0.6856
 2954  0.6856
 2955  0.6856
 2956  0.6856
 2957  0.6856
 2958  0.6856
 2959  0.6856
 2960  0.6856
 2961  0.6856
 2962  0.6856
 2963  0.6856
 2964  0.6856
 2965  0.6856
 2966  0.6856
 2967  0.6856
 2968  0.6856
 2969  0.6856
 2970  0.6856
 2971  0.6856
 2972  0.6856
 2973  0.6856
 2974  0.6856
 2975  0.6856
 2976  0.6856
 2977  0.6856
 2978  0.6856
 2979  0.6856
 2980  0.6856
 2981  0.6856
 2982  0.6856
 2983  0.6856
 2984  0.6856
 2985  0.6856
 2986  0.6856
 2987  0.6856
 2988  0.6856
 2989  0.6856
 2990  0.6856
 2991  0.6856
 2992  0.6856
 2993  0.6856
 2994  0.6856
 2995  0.6856
 2996  0.6856
 2997  0.6856
 2998  0.6856
 2999  0.6856
 3000  0.6856