1  0.9331
 2  0.9331
 3  0.9331
 4  0.9331
 5  0.9331
 6  0.9331
 7  0.9331
 8  0.9331
 9  0.9331
 10  0.9331
 11  0.9331
 12  0.9331
 13  0.9331
 14  0.9331
 15  0.9331
 16  0.9331
 17  0.9331
 18  0.9331
 19  0.9331
 20  0.9331
 21  0.9331
 22  0.9331
 23  0.9331
 24  0.9331
 25  0.9331
 26  0.9331
 27  0.9331
 28  0.9331
 29  0.9331
 30  0.9331
 31  0.9331
 32  0.9331
 33  0.9331
 34  0.9331
 35  0.9331
 36  0.9331
 37  0.9331
 38  0.9331
 39  0.9331
 40  0.9331
 41  0.9331
 42  0.9331
 43  0.9331
 44  0.9331
 45  0.9331
 46  0.9331
 47  0.9331
 48  0.9331
 49  0.9331
 50  0.9331
 51  0.9331
 52  0.9331
 53  0.9331
 54  0.9331
 55  0.9331
 56  0.9331
 57  0.9331
 58  0.9331
 59  0.9331
 60  0.9331
 61  0.9331
 62  0.9331
 63  0.9331
 64  0.9331
 65  0.9331
 66  0.9331
 67  0.9331
 68  0.9331
 69  0.9331
 70  0.9331
 71  0.9331
 72  0.9331
 73  0.9331
 74  0.9331
 75  0.9331
 76  0.9331
 77  0.9331
 78  0.9331
 79  0.9331
 80  0.9331
 81  0.9331
 82  0.9331
 83  0.9331
 84  0.9331
 85  0.9331
 86  0.9331
 87  0.9331
 88  0.9331
 89  0.9331
 90  0.9331
 91  0.9331
 92  0.9331
 93  0.9331
 94  0.9331
 95  0.9331
 96  0.8981
 97  0.8981
 98  0.8981
 99  0.8981
 100  0.8981
 101  0.8981
 102  0.8981
 103  0.8981
 104  0.8981
 105  0.8981
 106  0.8981
 107  0.8981
 108  0.8981
 109  0.8981
 110  0.8981
 111  0.8981
 112  0.8981
 113  0.8981
 114  0.8981
 115  0.8981
 116  0.8981
 117  0.8981
 118  0.8981
 119  0.8981
 120  0.8981
 121  0.8981
 122  0.8981
 123  0.8981
 124  0.8981
 125  0.8981
 126  0.8981
 127  0.8981
 128  0.8981
 129  0.8981
 130  0.8981
 131  0.8981
 132  0.8981
 133  0.8981
 134  0.8981
 135  0.8981
 136  0.8981
 137  0.8981
 138  0.8981
 139  0.8981
 140  0.8981
 141  0.8981
 142  0.8981
 143  0.8981
 144  0.8981
 145  0.8981
 146  0.8981
 147  0.8981
 148  0.8981
 149  0.8981
 150  0.8981
 151  0.8981
 152  0.8981
 153  0.8981
 154  0.8981
 155  0.8981
 156  0.8981
 157  0.8981
 158  0.8981
 159  0.8981
 160  0.8981
 161  0.8981
 162  0.8981
 163  0.8981
 164  0.8981
 165  0.8981
 166  0.8981
 167  0.8981
 168  0.8981
 169  0.8981
 170  0.8981
 171  0.8981
 172  0.8981
 173  0.8981
 174  0.8981
 175  0.8981
 176  0.8981
 177  0.8981
 178  0.8981
 179  0.8981
 180  0.8974
 181  0.8974
 182  0.8974
 183  0.8974
 184  0.8974
 185  0.8974
 186  0.8974
 187  0.8974
 188  0.8974
 189  0.8974
 190  0.8974
 191  0.8974
 192  0.8974
 193  0.8974
 194  0.8974
 195  0.8974
 196  0.8974
 197  0.8974
 198  0.8974
 199  0.8974
 200  0.8974
 201  0.8974
 202  0.8974
 203  0.8974
 204  0.8974
 205  0.8974
 206  0.8974
 207  0.8974
 208  0.8974
 209  0.8974
 210  0.8974
 211  0.8974
 212  0.8974
 213  0.8974
 214  0.8974
 215  0.8285
 216  0.8285
 217  0.8285
 218  0.8285
 219  0.8285
 220  0.8285
 221  0.8285
 222  0.8285
 223  0.8285
 224  0.8285
 225  0.8285
 226  0.8285
 227  0.8285
 228  0.8285
 229  0.8285
 230  0.8285
 231  0.8285
 232  0.8285
 233  0.8285
 234  0.8285
 235  0.8285
 236  0.8285
 237  0.8285
 238  0.8285
 239  0.8285
 240  0.8285
 241  0.8285
 242  0.8285
 243  0.8285
 244  0.8285
 245  0.8285
 246  0.8285
 247  0.8285
 248  0.8285
 249  0.8285
 250  0.8285
 251  0.8285
 252  0.8285
 253  0.8285
 254  0.8285
 255  0.8285
 256  0.8285
 257  0.8285
 258  0.8285
 259  0.8285
 260  0.8285
 261  0.8285
 262  0.8285
 263  0.8285
 264  0.8285
 265  0.8285
 266  0.8285
 267  0.8285
 268  0.8285
 269  0.8285
 270  0.8285
 271  0.8285
 272  0.8285
 273  0.8285
 274  0.8285
 275  0.8285
 276  0.8285
 277  0.8285
 278  0.8285
 279  0.8285
 280  0.8285
 281  0.8285
 282  0.8285
 283  0.8285
 284  0.8285
 285  0.8285
 286  0.8285
 287  0.8285
 288  0.8285
 289  0.8285
 290  0.8285
 291  0.8285
 292  0.8285
 293  0.8285
 294  0.8285
 295  0.8285
 296  0.8285
 297  0.8285
 298  0.8285
 299  0.8285
 300  0.8285
 301  0.8285
 302  0.8285
 303  0.8285
 304  0.8285
 305  0.8285
 306  0.8285
 307  0.8285
 308  0.8285
 309  0.8285
 310  0.8285
 311  0.8285
 312  0.8285
 313  0.8285
 314  0.8285
 315  0.8285
 316  0.8285
 317  0.8285
 318  0.8285
 319  0.8285
 320  0.8285
 321  0.8285
 322  0.8285
 323  0.8285
 324  0.8285
 325  0.8285
 326  0.8285
 327  0.8285
 328  0.8285
 329  0.8285
 330  0.8285
 331  0.8285
 332  0.8285
 333  0.8285
 334  0.8285
 335  0.8285
 336  0.8285
 337  0.8285
 338  0.8285
 339  0.8285
 340  0.8285
 341  0.8285
 342  0.8285
 343  0.8285
 344  0.8285
 345  0.8285
 346  0.8285
 347  0.8285
 348  0.8285
 349  0.8285
 350  0.8285
 351  0.8285
 352  0.8285
 353  0.8285
 354  0.8285
 355  0.8285
 356  0.8285
 357  0.8285
 358  0.8285
 359  0.8285
 360  0.8285
 361  0.8285
 362  0.8285
 363  0.8285
 364  0.8285
 365  0.8285
 366  0.8285
 367  0.8285
 368  0.8285
 369  0.8285
 370  0.8285
 371  0.8285
 372  0.8285
 373  0.8285
 374  0.8285
 375  0.8285
 376  0.8285
 377  0.8285
 378  0.8285
 379  0.8285
 380  0.8285
 381  0.8285
 382  0.8285
 383  0.8285
 384  0.8285
 385  0.8285
 386  0.8285
 387  0.8285
 388  0.8285
 389  0.8285
 390  0.8285
 391  0.8285
 392  0.8285
 393  0.8285
 394  0.8285
 395  0.8285
 396  0.8285
 397  0.8285
 398  0.8285
 399  0.8285
 400  0.8285
 401  0.8285
 402  0.8285
 403  0.8285
 404  0.8285
 405  0.8285
 406  0.8285
 407  0.8285
 408  0.8285
 409  0.8285
 410  0.8285
 411  0.8285
 412  0.8285
 413  0.8285
 414  0.8285
 415  0.8285
 416  0.8285
 417  0.8285
 418  0.8285
 419  0.8285
 420  0.8285
 421  0.8285
 422  0.8285
 423  0.8285
 424  0.8285
 425  0.8285
 426  0.8285
 427  0.8285
 428  0.8285
 429  0.8285
 430  0.8285
 431  0.8285
 432  0.8285
 433  0.8285
 434  0.8285
 435  0.8285
 436  0.8285
 437  0.8285
 438  0.8285
 439  0.8285
 440  0.8285
 441  0.8285
 442  0.8285
 443  0.8285
 444  0.8285
 445  0.8285
 446  0.8285
 447  0.8285
 448  0.8285
 449  0.8285
 450  0.8285
 451  0.8285
 452  0.8285
 453  0.8285
 454  0.8285
 455  0.8285
 456  0.8285
 457  0.8285
 458  0.8285
 459  0.8285
 460  0.8285
 461  0.8285
 462  0.8285
 463  0.8285
 464  0.8285
 465  0.8285
 466  0.8285
 467  0.8285
 468  0.8285
 469  0.8285
 470  0.8285
 471  0.8285
 472  0.8285
 473  0.8285
 474  0.8285
 475  0.8285
 476  0.8285
 477  0.8285
 478  0.8285
 479  0.8285
 480  0.8285
 481  0.8285
 482  0.8285
 483  0.8285
 484  0.8285
 485  0.8285
 486  0.8285
 487  0.8285
 488  0.8285
 489  0.8285
 490  0.8285
 491  0.8285
 492  0.8285
 493  0.8285
 494  0.8285
 495  0.8285
 496  0.8285
 497  0.8285
 498  0.8285
 499  0.8285
 500  0.8285
 501  0.8285
 502  0.8285
 503  0.8285
 504  0.8285
 505  0.8285
 506  0.8285
 507  0.8285
 508  0.8285
 509  0.8285
 510  0.8285
 511  0.8285
 512  0.8285
 513  0.8285
 514  0.8285
 515  0.8285
 516  0.8285
 517  0.8285
 518  0.8285
 519  0.8285
 520  0.8285
 521  0.8285
 522  0.8285
 523  0.8285
 524  0.8285
 525  0.8285
 526  0.8285
 527  0.8285
 528  0.8285
 529  0.8285
 530  0.8285
 531  0.8285
 532  0.8285
 533  0.8285
 534  0.8285
 535  0.8285
 536  0.8285
 537  0.8285
 538  0.8285
 539  0.8285
 540  0.8285
 541  0.8285
 542  0.8285
 543  0.8285
 544  0.8285
 545  0.8285
 546  0.8285
 547  0.8285
 548  0.8285
 549  0.8285
 550  0.8285
 551  0.8285
 552  0.8285
 553  0.8285
 554  0.8285
 555  0.8285
 556  0.8285
 557  0.8285
 558  0.8285
 559  0.8285
 560  0.8285
 561  0.8285
 562  0.8285
 563  0.8285
 564  0.8285
 565  0.8285
 566  0.8285
 567  0.8285
 568  0.8285
 569  0.8285
 570  0.8285
 571  0.8285
 572  0.8285
 573  0.8285
 574  0.8285
 575  0.8285
 576  0.8285
 577  0.8285
 578  0.8285
 579  0.8285
 580  0.8285
 581  0.8285
 582  0.8285
 583  0.8285
 584  0.8285
 585  0.8285
 586  0.8285
 587  0.8285
 588  0.8285
 589  0.8285
 590  0.8285
 591  0.8285
 592  0.8285
 593  0.8285
 594  0.8285
 595  0.8285
 596  0.8285
 597  0.8285
 598  0.8285
 599  0.8285
 600  0.8285
 601  0.8285
 602  0.8285
 603  0.8285
 604  0.8285
 605  0.8285
 606  0.8285
 607  0.8285
 608  0.8285
 609  0.8285
 610  0.8285
 611  0.8285
 612  0.8285
 613  0.8285
 614  0.8285
 615  0.8285
 616  0.8285
 617  0.8285
 618  0.8285
 619  0.8285
 620  0.8285
 621  0.8285
 622  0.8285
 623  0.8285
 624  0.8285
 625  0.8285
 626  0.8285
 627  0.8285
 628  0.8285
 629  0.8285
 630  0.8285
 631  0.8285
 632  0.8285
 633  0.8285
 634  0.8285
 635  0.8285
 636  0.8285
 637  0.8285
 638  0.8285
 639  0.8285
 640  0.8285
 641  0.8285
 642  0.8285
 643  0.8285
 644  0.8285
 645  0.8285
 646  0.8285
 647  0.8285
 648  0.8285
 649  0.8285
 650  0.8285
 651  0.8285
 652  0.8285
 653  0.8285
 654  0.8285
 655  0.8285
 656  0.8285
 657  0.8285
 658  0.8285
 659  0.8285
 660  0.8285
 661  0.8285
 662  0.8285
 663  0.8285
 664  0.8285
 665  0.8285
 666  0.8285
 667  0.8285
 668  0.8285
 669  0.8285
 670  0.8285
 671  0.8285
 672  0.8285
 673  0.8285
 674  0.8285
 675  0.8285
 676  0.8285
 677  0.8285
 678  0.8285
 679  0.8285
 680  0.8285
 681  0.8285
 682  0.8285
 683  0.8285
 684  0.8285
 685  0.8285
 686  0.8285
 687  0.8285
 688  0.8285
 689  0.8285
 690  0.8285
 691  0.8285
 692  0.8285
 693  0.8285
 694  0.8285
 695  0.8285
 696  0.8285
 697  0.8285
 698  0.8285
 699  0.8285
 700  0.8285
 701  0.8285
 702  0.8285
 703  0.8285
 704  0.8285
 705  0.8285
 706  0.8285
 707  0.8285
 708  0.8285
 709  0.8285
 710  0.8285
 711  0.8285
 712  0.8285
 713  0.8285
 714  0.8285
 715  0.8285
 716  0.8285
 717  0.8285
 718  0.8285
 719  0.8285
 720  0.8285
 721  0.8285
 722  0.8285
 723  0.8285
 724  0.8285
 725  0.8285
 726  0.8285
 727  0.8285
 728  0.8285
 729  0.8285
 730  0.8285
 731  0.8285
 732  0.8285
 733  0.8285
 734  0.8285
 735  0.8285
 736  0.8285
 737  0.8285
 738  0.8285
 739  0.8285
 740  0.8285
 741  0.8285
 742  0.8285
 743  0.8285
 744  0.8285
 745  0.8285
 746  0.8285
 747  0.8285
 748  0.8285
 749  0.8285
 750  0.8285
 751  0.8285
 752  0.8285
 753  0.8285
 754  0.8285
 755  0.8285
 756  0.8285
 757  0.8285
 758  0.8285
 759  0.8285
 760  0.8285
 761  0.8285
 762  0.8285
 763  0.8285
 764  0.8285
 765  0.8285
 766  0.8285
 767  0.8285
 768  0.8285
 769  0.8285
 770  0.8285
 771  0.8285
 772  0.8285
 773  0.8285
 774  0.8285
 775  0.8285
 776  0.8285
 777  0.8285
 778  0.8285
 779  0.8285
 780  0.8285
 781  0.8285
 782  0.8285
 783  0.8285
 784  0.8285
 785  0.8285
 786  0.8285
 787  0.8285
 788  0.8285
 789  0.8285
 790  0.8285
 791  0.8285
 792  0.8285
 793  0.8285
 794  0.8285
 795  0.8285
 796  0.8285
 797  0.8285
 798  0.8285
 799  0.8285
 800  0.8285
 801  0.8285
 802  0.8285
 803  0.8285
 804  0.8285
 805  0.8285
 806  0.8285
 807  0.8285
 808  0.8285
 809  0.8285
 810  0.8285
 811  0.8285
 812  0.8285
 813  0.8285
 814  0.8285
 815  0.8285
 816  0.8285
 817  0.8285
 818  0.8285
 819  0.8285
 820  0.8285
 821  0.8285
 822  0.8285
 823  0.8285
 824  0.8285
 825  0.8285
 826  0.8285
 827  0.8285
 828  0.8285
 829  0.8285
 830  0.8285
 831  0.8285
 832  0.8285
 833  0.8285
 834  0.8285
 835  0.8285
 836  0.8285
 837  0.8285
 838  0.8285
 839  0.8285
 840  0.8285
 841  0.8285
 842  0.8285
 843  0.8285
 844  0.8285
 845  0.8285
 846  0.8285
 847  0.8285
 848  0.8285
 849  0.8285
 850  0.8285
 851  0.8285
 852  0.8285
 853  0.8285
 854  0.8285
 855  0.8285
 856  0.8285
 857  0.8285
 858  0.8285
 859  0.8285
 860  0.8285
 861  0.8285
 862  0.8285
 863  0.8285
 864  0.8285
 865  0.8285
 866  0.8285
 867  0.8285
 868  0.8285
 869  0.8285
 870  0.8285
 871  0.8285
 872  0.8285
 873  0.8285
 874  0.8285
 875  0.8285
 876  0.8285
 877  0.8285
 878  0.8285
 879  0.8285
 880  0.8285
 881  0.8285
 882  0.8285
 883  0.8285
 884  0.8285
 885  0.8285
 886  0.8285
 887  0.8285
 888  0.8285
 889  0.8285
 890  0.8285
 891  0.8285
 892  0.8285
 893  0.8285
 894  0.8285
 895  0.8285
 896  0.8285
 897  0.8285
 898  0.8285
 899  0.8285
 900  0.8285
 901  0.8285
 902  0.8285
 903  0.8285
 904  0.8285
 905  0.8285
 906  0.8285
 907  0.8285
 908  0.8285
 909  0.8285
 910  0.8285
 911  0.8285
 912  0.8285
 913  0.8285
 914  0.8285
 915  0.8285
 916  0.8285
 917  0.8285
 918  0.8285
 919  0.8285
 920  0.8285
 921  0.8285
 922  0.8285
 923  0.8285
 924  0.8285
 925  0.8285
 926  0.8285
 927  0.8285
 928  0.8285
 929  0.8285
 930  0.8285
 931  0.8285
 932  0.8285
 933  0.8285
 934  0.8285
 935  0.8285
 936  0.8285
 937  0.8285
 938  0.8285
 939  0.8285
 940  0.8285
 941  0.8285
 942  0.8285
 943  0.8285
 944  0.8285
 945  0.8285
 946  0.8285
 947  0.8285
 948  0.8285
 949  0.8285
 950  0.8285
 951  0.8285
 952  0.8285
 953  0.8285
 954  0.8285
 955  0.8285
 956  0.8285
 957  0.8285
 958  0.8285
 959  0.8285
 960  0.8285
 961  0.8285
 962  0.8285
 963  0.8285
 964  0.8285
 965  0.8285
 966  0.8285
 967  0.8285
 968  0.8285
 969  0.8285
 970  0.8285
 971  0.8285
 972  0.8285
 973  0.8285
 974  0.8285
 975  0.8285
 976  0.8285
 977  0.8285
 978  0.8285
 979  0.8285
 980  0.8285
 981  0.8285
 982  0.8285
 983  0.8285
 984  0.8285
 985  0.8285
 986  0.8285
 987  0.8285
 988  0.8285
 989  0.8285
 990  0.8285
 991  0.8285
 992  0.8285
 993  0.8285
 994  0.8285
 995  0.8285
 996  0.8285
 997  0.8285
 998  0.8285
 999  0.8285
 1000  0.8285
 1001  0.8285
 1002  0.8285
 1003  0.8285
 1004  0.8285
 1005  0.8285
 1006  0.8285
 1007  0.8285
 1008  0.8285
 1009  0.8285
 1010  0.8285
 1011  0.8285
 1012  0.8285
 1013  0.8285
 1014  0.8285
 1015  0.8285
 1016  0.8285
 1017  0.8285
 1018  0.8285
 1019  0.8285
 1020  0.8285
 1021  0.8285
 1022  0.8285
 1023  0.8285
 1024  0.8285
 1025  0.8285
 1026  0.8285
 1027  0.8285
 1028  0.8285
 1029  0.8285
 1030  0.8285
 1031  0.8285
 1032  0.8285
 1033  0.8285
 1034  0.8285
 1035  0.8285
 1036  0.8285
 1037  0.8285
 1038  0.8285
 1039  0.8285
 1040  0.8285
 1041  0.8285
 1042  0.8285
 1043  0.8285
 1044  0.8285
 1045  0.8285
 1046  0.8285
 1047  0.8285
 1048  0.8285
 1049  0.8285
 1050  0.8285
 1051  0.8285
 1052  0.8285
 1053  0.8285
 1054  0.8285
 1055  0.8285
 1056  0.8285
 1057  0.8285
 1058  0.8285
 1059  0.8285
 1060  0.8285
 1061  0.8285
 1062  0.8285
 1063  0.8285
 1064  0.8285
 1065  0.8285
 1066  0.8285
 1067  0.8285
 1068  0.8285
 1069  0.8285
 1070  0.8285
 1071  0.8285
 1072  0.8285
 1073  0.8285
 1074  0.8285
 1075  0.8285
 1076  0.8285
 1077  0.8285
 1078  0.8285
 1079  0.8285
 1080  0.8285
 1081  0.8285
 1082  0.8285
 1083  0.8285
 1084  0.8285
 1085  0.8285
 1086  0.8285
 1087  0.8285
 1088  0.8285
 1089  0.8285
 1090  0.8285
 1091  0.8285
 1092  0.8285
 1093  0.8285
 1094  0.8285
 1095  0.8285
 1096  0.8285
 1097  0.8285
 1098  0.8285
 1099  0.8285
 1100  0.8285
 1101  0.8285
 1102  0.8285
 1103  0.8285
 1104  0.8285
 1105  0.8285
 1106  0.8285
 1107  0.8285
 1108  0.8285
 1109  0.8285
 1110  0.8285
 1111  0.8285
 1112  0.8285
 1113  0.8285
 1114  0.8285
 1115  0.8285
 1116  0.8285
 1117  0.8285
 1118  0.8285
 1119  0.8285
 1120  0.8285
 1121  0.8285
 1122  0.8285
 1123  0.8285
 1124  0.8285
 1125  0.8285
 1126  0.8285
 1127  0.8285
 1128  0.8285
 1129  0.8285
 1130  0.8285
 1131  0.8285
 1132  0.8285
 1133  0.8285
 1134  0.8285
 1135  0.8285
 1136  0.8285
 1137  0.8285
 1138  0.8285
 1139  0.8285
 1140  0.8285
 1141  0.8285
 1142  0.8285
 1143  0.8285
 1144  0.8285
 1145  0.8285
 1146  0.8285
 1147  0.8285
 1148  0.8285
 1149  0.8285
 1150  0.8285
 1151  0.8285
 1152  0.8285
 1153  0.8285
 1154  0.8285
 1155  0.8285
 1156  0.8285
 1157  0.8285
 1158  0.8285
 1159  0.8285
 1160  0.8285
 1161  0.8285
 1162  0.8285
 1163  0.8285
 1164  0.8285
 1165  0.8285
 1166  0.8285
 1167  0.8285
 1168  0.8285
 1169  0.8285
 1170  0.8285
 1171  0.8285
 1172  0.8285
 1173  0.8285
 1174  0.8285
 1175  0.8285
 1176  0.8285
 1177  0.8285
 1178  0.8285
 1179  0.8285
 1180  0.8285
 1181  0.8285
 1182  0.8285
 1183  0.8285
 1184  0.8285
 1185  0.8285
 1186  0.8285
 1187  0.8285
 1188  0.8285
 1189  0.8285
 1190  0.8285
 1191  0.8285
 1192  0.8285
 1193  0.8285
 1194  0.8285
 1195  0.8285
 1196  0.8285
 1197  0.8285
 1198  0.8285
 1199  0.8285
 1200  0.8285
 1201  0.8285
 1202  0.8285
 1203  0.8285
 1204  0.8285
 1205  0.8285
 1206  0.8285
 1207  0.8285
 1208  0.8285
 1209  0.8285
 1210  0.8285
 1211  0.8285
 1212  0.8285
 1213  0.8285
 1214  0.8285
 1215  0.8285
 1216  0.8285
 1217  0.8285
 1218  0.8285
 1219  0.8285
 1220  0.8285
 1221  0.8285
 1222  0.8285
 1223  0.8285
 1224  0.8285
 1225  0.8285
 1226  0.8285
 1227  0.8285
 1228  0.8285
 1229  0.8285
 1230  0.8285
 1231  0.8285
 1232  0.8285
 1233  0.8285
 1234  0.8285
 1235  0.8285
 1236  0.8285
 1237  0.8285
 1238  0.8285
 1239  0.8285
 1240  0.8285
 1241  0.8285
 1242  0.8285
 1243  0.8285
 1244  0.8285
 1245  0.8285
 1246  0.8285
 1247  0.8285
 1248  0.8285
 1249  0.8285
 1250  0.8285
 1251  0.8285
 1252  0.8285
 1253  0.8285
 1254  0.8285
 1255  0.8285
 1256  0.8285
 1257  0.8285
 1258  0.8285
 1259  0.8285
 1260  0.8285
 1261  0.8285
 1262  0.8285
 1263  0.8285
 1264  0.8285
 1265  0.8285
 1266  0.8285
 1267  0.8285
 1268  0.8285
 1269  0.8285
 1270  0.8285
 1271  0.8285
 1272  0.8285
 1273  0.8285
 1274  0.8285
 1275  0.8285
 1276  0.8285
 1277  0.8285
 1278  0.8285
 1279  0.8285
 1280  0.8285
 1281  0.8285
 1282  0.8285
 1283  0.8285
 1284  0.8285
 1285  0.8285
 1286  0.8285
 1287  0.8285
 1288  0.8285
 1289  0.8285
 1290  0.8285
 1291  0.8285
 1292  0.8285
 1293  0.8285
 1294  0.8285
 1295  0.8285
 1296  0.8285
 1297  0.8285
 1298  0.8285
 1299  0.8285
 1300  0.8285
 1301  0.8285
 1302  0.8285
 1303  0.8285
 1304  0.8285
 1305  0.8285
 1306  0.8285
 1307  0.8285
 1308  0.8285
 1309  0.8285
 1310  0.8285
 1311  0.8285
 1312  0.8285
 1313  0.8285
 1314  0.8285
 1315  0.8285
 1316  0.8285
 1317  0.8285
 1318  0.8285
 1319  0.8285
 1320  0.8285
 1321  0.8285
 1322  0.8285
 1323  0.8285
 1324  0.8285
 1325  0.8285
 1326  0.8285
 1327  0.8285
 1328  0.8285
 1329  0.8285
 1330  0.8285
 1331  0.8285
 1332  0.8285
 1333  0.8285
 1334  0.8285
 1335  0.8285
 1336  0.8285
 1337  0.8285
 1338  0.8285
 1339  0.8285
 1340  0.8285
 1341  0.8285
 1342  0.8285
 1343  0.8285
 1344  0.8285
 1345  0.8285
 1346  0.8285
 1347  0.8285
 1348  0.8285
 1349  0.8285
 1350  0.8285
 1351  0.8285
 1352  0.8285
 1353  0.8285
 1354  0.8285
 1355  0.8285
 1356  0.8285
 1357  0.8285
 1358  0.8285
 1359  0.8285
 1360  0.8285
 1361  0.8285
 1362  0.8285
 1363  0.8285
 1364  0.8285
 1365  0.8285
 1366  0.8285
 1367  0.8285
 1368  0.8285
 1369  0.8285
 1370  0.8285
 1371  0.8285
 1372  0.8285
 1373  0.8285
 1374  0.8285
 1375  0.8285
 1376  0.8285
 1377  0.8285
 1378  0.8285
 1379  0.8285
 1380  0.8285
 1381  0.8285
 1382  0.8285
 1383  0.8285
 1384  0.8285
 1385  0.8285
 1386  0.8285
 1387  0.8285
 1388  0.8285
 1389  0.8285
 1390  0.8285
 1391  0.8285
 1392  0.8285
 1393  0.8285
 1394  0.8285
 1395  0.8285
 1396  0.8285
 1397  0.8285
 1398  0.8285
 1399  0.8285
 1400  0.8285
 1401  0.8285
 1402  0.8285
 1403  0.8285
 1404  0.8285
 1405  0.8285
 1406  0.8285
 1407  0.8285
 1408  0.8285
 1409  0.8285
 1410  0.8285
 1411  0.8285
 1412  0.8285
 1413  0.8285
 1414  0.8285
 1415  0.8285
 1416  0.8285
 1417  0.8285
 1418  0.8285
 1419  0.8285
 1420  0.8285
 1421  0.8285
 1422  0.8285
 1423  0.8285
 1424  0.8285
 1425  0.8285
 1426  0.8285
 1427  0.8285
 1428  0.8285
 1429  0.8285
 1430  0.8285
 1431  0.8285
 1432  0.8285
 1433  0.8285
 1434  0.8285
 1435  0.8285
 1436  0.8285
 1437  0.8285
 1438  0.8285
 1439  0.8285
 1440  0.8285
 1441  0.8285
 1442  0.8285
 1443  0.8285
 1444  0.8285
 1445  0.8285
 1446  0.8285
 1447  0.8285
 1448  0.8285
 1449  0.8285
 1450  0.8285
 1451  0.8285
 1452  0.8285
 1453  0.8285
 1454  0.8285
 1455  0.8285
 1456  0.8285
 1457  0.8285
 1458  0.8285
 1459  0.8285
 1460  0.8285
 1461  0.8285
 1462  0.8285
 1463  0.8285
 1464  0.8285
 1465  0.8285
 1466  0.8285
 1467  0.8285
 1468  0.8285
 1469  0.8285
 1470  0.8285
 1471  0.8285
 1472  0.8285
 1473  0.8285
 1474  0.8285
 1475  0.8285
 1476  0.8285
 1477  0.8285
 1478  0.8285
 1479  0.8285
 1480  0.8285
 1481  0.8285
 1482  0.8285
 1483  0.8285
 1484  0.8285
 1485  0.8285
 1486  0.8285
 1487  0.8285
 1488  0.8285
 1489  0.8285
 1490  0.8285
 1491  0.8285
 1492  0.8285
 1493  0.8285
 1494  0.8285
 1495  0.8285
 1496  0.8285
 1497  0.8285
 1498  0.8285
 1499  0.8285
 1500  0.8285
 1501  0.8285
 1502  0.8285
 1503  0.8285
 1504  0.8285
 1505  0.8285
 1506  0.8285
 1507  0.8285
 1508  0.8285
 1509  0.8285
 1510  0.8285
 1511  0.8285
 1512  0.8285
 1513  0.8285
 1514  0.8285
 1515  0.8285
 1516  0.8285
 1517  0.8285
 1518  0.8285
 1519  0.8285
 1520  0.8285
 1521  0.8285
 1522  0.8285
 1523  0.8285
 1524  0.8285
 1525  0.8285
 1526  0.8285
 1527  0.8285
 1528  0.8285
 1529  0.8285
 1530  0.8285
 1531  0.8285
 1532  0.8285
 1533  0.8285
 1534  0.8285
 1535  0.7770
 1536  0.7770
 1537  0.7770
 1538  0.7770
 1539  0.7770
 1540  0.7770
 1541  0.7770
 1542  0.7770
 1543  0.7770
 1544  0.7770
 1545  0.7770
 1546  0.7770
 1547  0.7770
 1548  0.7770
 1549  0.7770
 1550  0.7770
 1551  0.7770
 1552  0.7770
 1553  0.7770
 1554  0.7770
 1555  0.7770
 1556  0.7770
 1557  0.7770
 1558  0.7770
 1559  0.7770
 1560  0.7770
 1561  0.7770
 1562  0.7770
 1563  0.7770
 1564  0.7770
 1565  0.7770
 1566  0.7770
 1567  0.7770
 1568  0.7770
 1569  0.7770
 1570  0.7770
 1571  0.7770
 1572  0.7770
 1573  0.7770
 1574  0.7770
 1575  0.7770
 1576  0.7770
 1577  0.7770
 1578  0.7770
 1579  0.7770
 1580  0.7770
 1581  0.7770
 1582  0.7770
 1583  0.7770
 1584  0.7770
 1585  0.7770
 1586  0.7770
 1587  0.7770
 1588  0.7770
 1589  0.7770
 1590  0.7770
 1591  0.7770
 1592  0.7770
 1593  0.7770
 1594  0.7770
 1595  0.7770
 1596  0.7770
 1597  0.7770
 1598  0.7770
 1599  0.7770
 1600  0.7770
 1601  0.7770
 1602  0.7770
 1603  0.7770
 1604  0.7770
 1605  0.7770
 1606  0.7770
 1607  0.7770
 1608  0.7770
 1609  0.7770
 1610  0.7770
 1611  0.7770
 1612  0.7770
 1613  0.7770
 1614  0.7770
 1615  0.7770
 1616  0.7770
 1617  0.7770
 1618  0.7770
 1619  0.7770
 1620  0.7770
 1621  0.7770
 1622  0.7770
 1623  0.7770
 1624  0.7770
 1625  0.7770
 1626  0.7770
 1627  0.7770
 1628  0.7770
 1629  0.7770
 1630  0.7770
 1631  0.7770
 1632  0.7770
 1633  0.7770
 1634  0.7770
 1635  0.7770
 1636  0.7770
 1637  0.7770
 1638  0.7770
 1639  0.7770
 1640  0.7770
 1641  0.7770
 1642  0.7770
 1643  0.7770
 1644  0.7770
 1645  0.7770
 1646  0.7770
 1647  0.7770
 1648  0.7770
 1649  0.7770
 1650  0.7770
 1651  0.7770
 1652  0.7770
 1653  0.7770
 1654  0.7770
 1655  0.7770
 1656  0.7770
 1657  0.7770
 1658  0.7770
 1659  0.7770
 1660  0.7770
 1661  0.7770
 1662  0.7770
 1663  0.7770
 1664  0.7770
 1665  0.7770
 1666  0.7770
 1667  0.7770
 1668  0.7770
 1669  0.7770
 1670  0.7770
 1671  0.7770
 1672  0.7770
 1673  0.7770
 1674  0.7770
 1675  0.7770
 1676  0.7770
 1677  0.7770
 1678  0.7770
 1679  0.7770
 1680  0.7770
 1681  0.7770
 1682  0.7770
 1683  0.7770
 1684  0.7770
 1685  0.7770
 1686  0.7770
 1687  0.7770
 1688  0.7770
 1689  0.7770
 1690  0.7770
 1691  0.7770
 1692  0.7770
 1693  0.7770
 1694  0.7770
 1695  0.7770
 1696  0.7770
 1697  0.7770
 1698  0.7770
 1699  0.7770
 1700  0.7770
 1701  0.7770
 1702  0.7770
 1703  0.7770
 1704  0.7770
 1705  0.7770
 1706  0.7770
 1707  0.7770
 1708  0.7770
 1709  0.7770
 1710  0.7770
 1711  0.7770
 1712  0.7770
 1713  0.7770
 1714  0.7770
 1715  0.7770
 1716  0.7770
 1717  0.7770
 1718  0.7770
 1719  0.7770
 1720  0.7770
 1721  0.7770
 1722  0.7770
 1723  0.7770
 1724  0.7770
 1725  0.7770
 1726  0.7770
 1727  0.7770
 1728  0.7770
 1729  0.7770
 1730  0.7770
 1731  0.7770
 1732  0.7770
 1733  0.7770
 1734  0.7770
 1735  0.7770
 1736  0.7770
 1737  0.7770
 1738  0.7770
 1739  0.7770
 1740  0.7770
 1741  0.7770
 1742  0.7770
 1743  0.7770
 1744  0.7770
 1745  0.7770
 1746  0.7770
 1747  0.7770
 1748  0.7770
 1749  0.7770
 1750  0.7770
 1751  0.7770
 1752  0.7770
 1753  0.7770
 1754  0.7770
 1755  0.7770
 1756  0.7770
 1757  0.7770
 1758  0.7770
 1759  0.7770
 1760  0.7770
 1761  0.7770
 1762  0.7770
 1763  0.7770
 1764  0.7770
 1765  0.7770
 1766  0.7770
 1767  0.7770
 1768  0.7770
 1769  0.7770
 1770  0.7770
 1771  0.7770
 1772  0.7770
 1773  0.7770
 1774  0.7770
 1775  0.7770
 1776  0.7770
 1777  0.7770
 1778  0.7770
 1779  0.7770
 1780  0.7770
 1781  0.7770
 1782  0.7770
 1783  0.7770
 1784  0.7770
 1785  0.7770
 1786  0.7770
 1787  0.7770
 1788  0.7770
 1789  0.7770
 1790  0.7770
 1791  0.7770
 1792  0.7770
 1793  0.7770
 1794  0.7770
 1795  0.7770
 1796  0.7770
 1797  0.7770
 1798  0.7770
 1799  0.7525
 1800  0.7525
 1801  0.7525
 1802  0.7525
 1803  0.7525
 1804  0.7525
 1805  0.7525
 1806  0.7525
 1807  0.7525
 1808  0.7525
 1809  0.7525
 1810  0.7525
 1811  0.7525
 1812  0.7525
 1813  0.7525
 1814  0.7525
 1815  0.7525
 1816  0.7525
 1817  0.7525
 1818  0.7525
 1819  0.7525
 1820  0.7525
 1821  0.7525
 1822  0.7525
 1823  0.7525
 1824  0.7525
 1825  0.7525
 1826  0.7525
 1827  0.7525
 1828  0.7525
 1829  0.7525
 1830  0.7525
 1831  0.7525
 1832  0.7525
 1833  0.7525
 1834  0.7525
 1835  0.7525
 1836  0.7525
 1837  0.7525
 1838  0.7525
 1839  0.7525
 1840  0.7525
 1841  0.7525
 1842  0.7525
 1843  0.7525
 1844  0.7525
 1845  0.7525
 1846  0.7525
 1847  0.7525
 1848  0.7525
 1849  0.7525
 1850  0.7525
 1851  0.7525
 1852  0.7525
 1853  0.7525
 1854  0.7525
 1855  0.7525
 1856  0.7525
 1857  0.7525
 1858  0.7525
 1859  0.7525
 1860  0.7525
 1861  0.7525
 1862  0.7525
 1863  0.7525
 1864  0.7525
 1865  0.7525
 1866  0.7525
 1867  0.7525
 1868  0.7525
 1869  0.7525
 1870  0.7525
 1871  0.7525
 1872  0.7525
 1873  0.7525
 1874  0.7525
 1875  0.7525
 1876  0.7525
 1877  0.7525
 1878  0.7525
 1879  0.7525
 1880  0.7525
 1881  0.7525
 1882  0.7525
 1883  0.7525
 1884  0.7525
 1885  0.7525
 1886  0.7525
 1887  0.7525
 1888  0.7525
 1889  0.7525
 1890  0.7525
 1891  0.7525
 1892  0.7525
 1893  0.7525
 1894  0.7525
 1895  0.7525
 1896  0.7525
 1897  0.7525
 1898  0.7525
 1899  0.7525
 1900  0.7525
 1901  0.7525
 1902  0.7525
 1903  0.7525
 1904  0.7525
 1905  0.7525
 1906  0.7525
 1907  0.7525
 1908  0.7525
 1909  0.7525
 1910  0.7525
 1911  0.7525
 1912  0.7525
 1913  0.7525
 1914  0.7525
 1915  0.7525
 1916  0.7525
 1917  0.7525
 1918  0.7525
 1919  0.7525
 1920  0.7525
 1921  0.7525
 1922  0.7525
 1923  0.7525
 1924  0.7525
 1925  0.7525
 1926  0.7525
 1927  0.7525
 1928  0.7525
 1929  0.7525
 1930  0.7525
 1931  0.7525
 1932  0.7525
 1933  0.7525
 1934  0.7525
 1935  0.7525
 1936  0.7525
 1937  0.7525
 1938  0.7525
 1939  0.7525
 1940  0.7525
 1941  0.7525
 1942  0.7525
 1943  0.7525
 1944  0.7525
 1945  0.7525
 1946  0.7525
 1947  0.7525
 1948  0.7525
 1949  0.7525
 1950  0.7525
 1951  0.7525
 1952  0.7525
 1953  0.7525
 1954  0.7525
 1955  0.7525
 1956  0.7525
 1957  0.7525
 1958  0.7525
 1959  0.7525
 1960  0.7525
 1961  0.7525
 1962  0.7525
 1963  0.7525
 1964  0.7525
 1965  0.7525
 1966  0.7525
 1967  0.7525
 1968  0.7525
 1969  0.7525
 1970  0.7525
 1971  0.7525
 1972  0.7525
 1973  0.7525
 1974  0.7525
 1975  0.7525
 1976  0.7525
 1977  0.7525
 1978  0.7525
 1979  0.7525
 1980  0.7525
 1981  0.7525
 1982  0.7525
 1983  0.7525
 1984  0.7525
 1985  0.7525
 1986  0.7525
 1987  0.7525
 1988  0.7525
 1989  0.7525
 1990  0.7525
 1991  0.7525
 1992  0.7525
 1993  0.7525
 1994  0.7525
 1995  0.7525
 1996  0.7525
 1997  0.7525
 1998  0.7525
 1999  0.7525
 2000  0.7525
 2001  0.7525
 2002  0.7525
 2003  0.7525
 2004  0.7525
 2005  0.7525
 2006  0.7525
 2007  0.7525
 2008  0.7525
 2009  0.7525
 2010  0.7525
 2011  0.7525
 2012  0.7525
 2013  0.7525
 2014  0.7525
 2015  0.7525
 2016  0.7525
 2017  0.7525
 2018  0.7525
 2019  0.7525
 2020  0.7525
 2021  0.7525
 2022  0.7525
 2023  0.7525
 2024  0.7525
 2025  0.7525
 2026  0.7525
 2027  0.7525
 2028  0.7525
 2029  0.7525
 2030  0.7525
 2031  0.7525
 2032  0.7525
 2033  0.7525
 2034  0.7525
 2035  0.7525
 2036  0.7525
 2037  0.7525
 2038  0.7525
 2039  0.7525
 2040  0.7525
 2041  0.7525
 2042  0.7525
 2043  0.7525
 2044  0.7525
 2045  0.7525
 2046  0.7525
 2047  0.7525
 2048  0.7525
 2049  0.7525
 2050  0.7525
 2051  0.7525
 2052  0.7525
 2053  0.7525
 2054  0.7525
 2055  0.7525
 2056  0.7525
 2057  0.7525
 2058  0.7525
 2059  0.7525
 2060  0.7525
 2061  0.7525
 2062  0.7525
 2063  0.7525
 2064  0.7525
 2065  0.7525
 2066  0.7525
 2067  0.7525
 2068  0.7525
 2069  0.7525
 2070  0.7525
 2071  0.7525
 2072  0.7525
 2073  0.7525
 2074  0.7525
 2075  0.7525
 2076  0.7525
 2077  0.7525
 2078  0.7525
 2079  0.7525
 2080  0.7525
 2081  0.7525
 2082  0.7525
 2083  0.7525
 2084  0.7525
 2085  0.7525
 2086  0.7525
 2087  0.7525
 2088  0.7525
 2089  0.7525
 2090  0.7525
 2091  0.7525
 2092  0.7525
 2093  0.7525
 2094  0.7525
 2095  0.7525
 2096  0.7525
 2097  0.7525
 2098  0.7525
 2099  0.7525
 2100  0.7525
 2101  0.7525
 2102  0.7525
 2103  0.7525
 2104  0.7525
 2105  0.7525
 2106  0.7525
 2107  0.7525
 2108  0.7525
 2109  0.7525
 2110  0.7525
 2111  0.7525
 2112  0.7525
 2113  0.7525
 2114  0.7525
 2115  0.7525
 2116  0.7525
 2117  0.7525
 2118  0.7525
 2119  0.7525
 2120  0.7525
 2121  0.7525
 2122  0.7525
 2123  0.7525
 2124  0.7525
 2125  0.7525
 2126  0.7525
 2127  0.7525
 2128  0.7525
 2129  0.7525
 2130  0.7525
 2131  0.7525
 2132  0.7525
 2133  0.7525
 2134  0.7525
 2135  0.7525
 2136  0.7525
 2137  0.7525
 2138  0.7525
 2139  0.7525
 2140  0.7525
 2141  0.7525
 2142  0.7525
 2143  0.7525
 2144  0.7525
 2145  0.7525
 2146  0.7525
 2147  0.7525
 2148  0.7525
 2149  0.7525
 2150  0.7525
 2151  0.7525
 2152  0.7525
 2153  0.7525
 2154  0.7525
 2155  0.7525
 2156  0.7525
 2157  0.7525
 2158  0.7525
 2159  0.7525
 2160  0.7525
 2161  0.7525
 2162  0.7525
 2163  0.7525
 2164  0.7525
 2165  0.7525
 2166  0.7525
 2167  0.7525
 2168  0.7525
 2169  0.7525
 2170  0.7525
 2171  0.7525
 2172  0.7525
 2173  0.7525
 2174  0.7525
 2175  0.7525
 2176  0.7525
 2177  0.7525
 2178  0.7525
 2179  0.7525
 2180  0.7525
 2181  0.7525
 2182  0.7525
 2183  0.7525
 2184  0.7525
 2185  0.7525
 2186  0.7525
 2187  0.7525
 2188  0.7525
 2189  0.7525
 2190  0.7525
 2191  0.7525
 2192  0.7525
 2193  0.7525
 2194  0.7525
 2195  0.7525
 2196  0.7525
 2197  0.7525
 2198  0.7525
 2199  0.7525
 2200  0.7525
 2201  0.7525
 2202  0.7525
 2203  0.7525
 2204  0.7525
 2205  0.7525
 2206  0.7525
 2207  0.7525
 2208  0.7525
 2209  0.7525
 2210  0.7525
 2211  0.7525
 2212  0.7525
 2213  0.7525
 2214  0.7525
 2215  0.7525
 2216  0.7525
 2217  0.7525
 2218  0.7525
 2219  0.7525
 2220  0.7525
 2221  0.7525
 2222  0.7525
 2223  0.7525
 2224  0.7525
 2225  0.7525
 2226  0.7525
 2227  0.7525
 2228  0.7525
 2229  0.7525
 2230  0.7525
 2231  0.7525
 2232  0.7525
 2233  0.7525
 2234  0.7525
 2235  0.7525
 2236  0.7525
 2237  0.7525
 2238  0.7525
 2239  0.7525
 2240  0.7525
 2241  0.7525
 2242  0.7525
 2243  0.7525
 2244  0.7525
 2245  0.7525
 2246  0.7525
 2247  0.7525
 2248  0.7525
 2249  0.7525
 2250  0.7525
 2251  0.7525
 2252  0.7525
 2253  0.7525
 2254  0.7525
 2255  0.7525
 2256  0.7525
 2257  0.7525
 2258  0.7525
 2259  0.7525
 2260  0.7525
 2261  0.7525
 2262  0.7525
 2263  0.7525
 2264  0.7525
 2265  0.7525
 2266  0.7525
 2267  0.7525
 2268  0.7525
 2269  0.7525
 2270  0.7525
 2271  0.7525
 2272  0.7525
 2273  0.7525
 2274  0.7525
 2275  0.7525
 2276  0.7525
 2277  0.7525
 2278  0.7525
 2279  0.7525
 2280  0.7525
 2281  0.7525
 2282  0.7525
 2283  0.7525
 2284  0.7525
 2285  0.7525
 2286  0.7525
 2287  0.7525
 2288  0.7525
 2289  0.7525
 2290  0.7525
 2291  0.7525
 2292  0.7525
 2293  0.7525
 2294  0.7525
 2295  0.7525
 2296  0.7525
 2297  0.7525
 2298  0.7525
 2299  0.7525
 2300  0.7525
 2301  0.7525
 2302  0.7525
 2303  0.7525
 2304  0.7525
 2305  0.7525
 2306  0.7525
 2307  0.7525
 2308  0.7525
 2309  0.7525
 2310  0.7525
 2311  0.7525
 2312  0.7525
 2313  0.7525
 2314  0.7525
 2315  0.7525
 2316  0.7525
 2317  0.7525
 2318  0.7525
 2319  0.7525
 2320  0.7525
 2321  0.7525
 2322  0.7525
 2323  0.7525
 2324  0.7525
 2325  0.7525
 2326  0.7525
 2327  0.7525
 2328  0.7525
 2329  0.7525
 2330  0.7525
 2331  0.7525
 2332  0.7525
 2333  0.7525
 2334  0.7525
 2335  0.7525
 2336  0.7525
 2337  0.7525
 2338  0.7525
 2339  0.7525
 2340  0.7525
 2341  0.7525
 2342  0.7525
 2343  0.7525
 2344  0.7525
 2345  0.7525
 2346  0.7525
 2347  0.7525
 2348  0.7525
 2349  0.7525
 2350  0.7525
 2351  0.7525
 2352  0.7525
 2353  0.7525
 2354  0.7525
 2355  0.7525
 2356  0.7525
 2357  0.7525
 2358  0.7525
 2359  0.7525
 2360  0.7525
 2361  0.7525
 2362  0.7525
 2363  0.7525
 2364  0.7525
 2365  0.7525
 2366  0.7525
 2367  0.7525
 2368  0.7525
 2369  0.7525
 2370  0.7525
 2371  0.7525
 2372  0.7525
 2373  0.7525
 2374  0.7525
 2375  0.7525
 2376  0.7525
 2377  0.7525
 2378  0.7525
 2379  0.7525
 2380  0.7525
 2381  0.7525
 2382  0.7525
 2383  0.7525
 2384  0.7525
 2385  0.7525
 2386  0.7525
 2387  0.7525
 2388  0.7525
 2389  0.7525
 2390  0.7525
 2391  0.7525
 2392  0.7525
 2393  0.7525
 2394  0.7525
 2395  0.7525
 2396  0.7525
 2397  0.7525
 2398  0.7525
 2399  0.7525
 2400  0.7525
 2401  0.7525
 2402  0.7525
 2403  0.7525
 2404  0.7525
 2405  0.7525
 2406  0.7525
 2407  0.7525
 2408  0.7525
 2409  0.7525
 2410  0.7525
 2411  0.7525
 2412  0.7525
 2413  0.7525
 2414  0.7525
 2415  0.7525
 2416  0.7525
 2417  0.7525
 2418  0.7525
 2419  0.7525
 2420  0.7525
 2421  0.7525
 2422  0.7525
 2423  0.7525
 2424  0.7525
 2425  0.7525
 2426  0.7525
 2427  0.7525
 2428  0.7525
 2429  0.7525
 2430  0.7525
 2431  0.7525
 2432  0.7525
 2433  0.7525
 2434  0.7525
 2435  0.7525
 2436  0.7525
 2437  0.7525
 2438  0.7525
 2439  0.7525
 2440  0.7525
 2441  0.7525
 2442  0.7525
 2443  0.7525
 2444  0.7525
 2445  0.7525
 2446  0.7525
 2447  0.7525
 2448  0.7525
 2449  0.7525
 2450  0.7525
 2451  0.7525
 2452  0.7525
 2453  0.7525
 2454  0.7525
 2455  0.7525
 2456  0.7525
 2457  0.7525
 2458  0.7525
 2459  0.7525
 2460  0.7525
 2461  0.7525
 2462  0.7525
 2463  0.7525
 2464  0.7525
 2465  0.7525
 2466  0.7525
 2467  0.7525
 2468  0.7525
 2469  0.7525
 2470  0.7525
 2471  0.7525
 2472  0.7525
 2473  0.7525
 2474  0.7525
 2475  0.7525
 2476  0.7525
 2477  0.7525
 2478  0.7525
 2479  0.7525
 2480  0.7525
 2481  0.7525
 2482  0.7525
 2483  0.7525
 2484  0.7525
 2485  0.7525
 2486  0.7525
 2487  0.7525
 2488  0.7525
 2489  0.7525
 2490  0.7525
 2491  0.7525
 2492  0.7525
 2493  0.7525
 2494  0.7525
 2495  0.7525
 2496  0.7525
 2497  0.7525
 2498  0.7525
 2499  0.7525
 2500  0.7525
 2501  0.7525
 2502  0.7525
 2503  0.7525
 2504  0.7525
 2505  0.7525
 2506  0.7525
 2507  0.7525
 2508  0.7525
 2509  0.7525
 2510  0.7525
 2511  0.7525
 2512  0.7525
 2513  0.7525
 2514  0.7525
 2515  0.7525
 2516  0.7525
 2517  0.7525
 2518  0.7525
 2519  0.7525
 2520  0.7525
 2521  0.7525
 2522  0.7525
 2523  0.7525
 2524  0.7525
 2525  0.7525
 2526  0.7525
 2527  0.7525
 2528  0.7525
 2529  0.7525
 2530  0.7525
 2531  0.7525
 2532  0.7525
 2533  0.7525
 2534  0.7525
 2535  0.7525
 2536  0.7525
 2537  0.7525
 2538  0.7525
 2539  0.7525
 2540  0.7525
 2541  0.7525
 2542  0.7525
 2543  0.7525
 2544  0.7525
 2545  0.7525
 2546  0.7525
 2547  0.7525
 2548  0.7525
 2549  0.7525
 2550  0.7525
 2551  0.7525
 2552  0.7525
 2553  0.7525
 2554  0.7525
 2555  0.7525
 2556  0.7525
 2557  0.7525
 2558  0.7525
 2559  0.7525
 2560  0.7525
 2561  0.7525
 2562  0.7525
 2563  0.7525
 2564  0.7525
 2565  0.7525
 2566  0.7525
 2567  0.7525
 2568  0.7525
 2569  0.7525
 2570  0.7525
 2571  0.7525
 2572  0.7525
 2573  0.7525
 2574  0.7525
 2575  0.7525
 2576  0.7525
 2577  0.7525
 2578  0.7525
 2579  0.7525
 2580  0.7525
 2581  0.7525
 2582  0.7525
 2583  0.7525
 2584  0.7525
 2585  0.7525
 2586  0.7525
 2587  0.7525
 2588  0.7525
 2589  0.7525
 2590  0.7525
 2591  0.7525
 2592  0.7525
 2593  0.7525
 2594  0.7525
 2595  0.7525
 2596  0.7525
 2597  0.7525
 2598  0.7525
 2599  0.7525
 2600  0.7525
 2601  0.7525
 2602  0.7525
 2603  0.7525
 2604  0.7525
 2605  0.7525
 2606  0.7525
 2607  0.7525
 2608  0.7525
 2609  0.7525
 2610  0.7525
 2611  0.7525
 2612  0.7525
 2613  0.7525
 2614  0.7525
 2615  0.7525
 2616  0.7525
 2617  0.7525
 2618  0.7525
 2619  0.7525
 2620  0.7525
 2621  0.7525
 2622  0.7525
 2623  0.7525
 2624  0.7525
 2625  0.7525
 2626  0.7525
 2627  0.7525
 2628  0.7525
 2629  0.7525
 2630  0.7525
 2631  0.7525
 2632  0.7525
 2633  0.7525
 2634  0.7525
 2635  0.7525
 2636  0.7525
 2637  0.7525
 2638  0.7525
 2639  0.7525
 2640  0.7525
 2641  0.7525
 2642  0.7525
 2643  0.7525
 2644  0.7525
 2645  0.7525
 2646  0.7525
 2647  0.7525
 2648  0.7525
 2649  0.7525
 2650  0.7525
 2651  0.7525
 2652  0.7525
 2653  0.7525
 2654  0.7525
 2655  0.7525
 2656  0.7525
 2657  0.7525
 2658  0.7525
 2659  0.7525
 2660  0.7525
 2661  0.7525
 2662  0.7525
 2663  0.7525
 2664  0.7525
 2665  0.7525
 2666  0.7525
 2667  0.7525
 2668  0.7525
 2669  0.7525
 2670  0.7525
 2671  0.7525
 2672  0.7525
 2673  0.7525
 2674  0.7525
 2675  0.7525
 2676  0.7525
 2677  0.7525
 2678  0.7525
 2679  0.7525
 2680  0.7525
 2681  0.7525
 2682  0.7525
 2683  0.7525
 2684  0.7525
 2685  0.7525
 2686  0.7525
 2687  0.7525
 2688  0.7525
 2689  0.7525
 2690  0.7525
 2691  0.7525
 2692  0.7525
 2693  0.7525
 2694  0.7525
 2695  0.7525
 2696  0.7525
 2697  0.7525
 2698  0.7525
 2699  0.7525
 2700  0.7525
 2701  0.7525
 2702  0.7525
 2703  0.7525
 2704  0.7525
 2705  0.7525
 2706  0.7525
 2707  0.7525
 2708  0.7525
 2709  0.7525
 2710  0.7525
 2711  0.7525
 2712  0.7525
 2713  0.7525
 2714  0.7525
 2715  0.7525
 2716  0.7525
 2717  0.7525
 2718  0.7525
 2719  0.7525
 2720  0.7525
 2721  0.7525
 2722  0.7525
 2723  0.7525
 2724  0.7525
 2725  0.7525
 2726  0.7525
 2727  0.7525
 2728  0.7525
 2729  0.7525
 2730  0.7525
 2731  0.7525
 2732  0.7525
 2733  0.7525
 2734  0.7525
 2735  0.7525
 2736  0.7525
 2737  0.7525
 2738  0.7525
 2739  0.7525
 2740  0.7525
 2741  0.7525
 2742  0.7525
 2743  0.7525
 2744  0.7525
 2745  0.7525
 2746  0.7525
 2747  0.7525
 2748  0.7525
 2749  0.7525
 2750  0.7525
 2751  0.7525
 2752  0.7525
 2753  0.7525
 2754  0.7525
 2755  0.7525
 2756  0.7525
 2757  0.7525
 2758  0.7525
 2759  0.7525
 2760  0.7525
 2761  0.7525
 2762  0.7525
 2763  0.7525
 2764  0.7525
 2765  0.7525
 2766  0.7525
 2767  0.7525
 2768  0.7525
 2769  0.7525
 2770  0.7525
 2771  0.7525
 2772  0.7525
 2773  0.7525
 2774  0.7525
 2775  0.7525
 2776  0.7525
 2777  0.7525
 2778  0.7525
 2779  0.7525
 2780  0.7525
 2781  0.7525
 2782  0.7525
 2783  0.7525
 2784  0.7525
 2785  0.7525
 2786  0.7525
 2787  0.7525
 2788  0.7525
 2789  0.7525
 2790  0.7525
 2791  0.7525
 2792  0.7525
 2793  0.7525
 2794  0.7525
 2795  0.7525
 2796  0.7525
 2797  0.7525
 2798  0.7525
 2799  0.7525
 2800  0.7525
 2801  0.7525
 2802  0.7525
 2803  0.7525
 2804  0.7525
 2805  0.7525
 2806  0.7525
 2807  0.7525
 2808  0.7525
 2809  0.7525
 2810  0.7525
 2811  0.7525
 2812  0.7525
 2813  0.7525
 2814  0.7525
 2815  0.7525
 2816  0.7525
 2817  0.7525
 2818  0.7525
 2819  0.7525
 2820  0.7525
 2821  0.7525
 2822  0.7525
 2823  0.7525
 2824  0.7525
 2825  0.7525
 2826  0.7525
 2827  0.7525
 2828  0.7525
 2829  0.7525
 2830  0.7525
 2831  0.7525
 2832  0.7525
 2833  0.7525
 2834  0.7525
 2835  0.7525
 2836  0.7525
 2837  0.7525
 2838  0.7525
 2839  0.7525
 2840  0.7525
 2841  0.7525
 2842  0.7525
 2843  0.7525
 2844  0.7525
 2845  0.7525
 2846  0.7525
 2847  0.7525
 2848  0.7525
 2849  0.7525
 2850  0.7525
 2851  0.7525
 2852  0.7525
 2853  0.7525
 2854  0.7525
 2855  0.7525
 2856  0.7525
 2857  0.7525
 2858  0.7525
 2859  0.7525
 2860  0.7525
 2861  0.7525
 2862  0.7525
 2863  0.7525
 2864  0.7525
 2865  0.7525
 2866  0.7525
 2867  0.7525
 2868  0.7525
 2869  0.7525
 2870  0.7525
 2871  0.7525
 2872  0.7525
 2873  0.7525
 2874  0.7525
 2875  0.7525
 2876  0.7525
 2877  0.7525
 2878  0.7525
 2879  0.7525
 2880  0.7525
 2881  0.7525
 2882  0.7525
 2883  0.7525
 2884  0.7525
 2885  0.7525
 2886  0.7525
 2887  0.7525
 2888  0.7525
 2889  0.7525
 2890  0.7525
 2891  0.7525
 2892  0.7525
 2893  0.7525
 2894  0.7525
 2895  0.7525
 2896  0.7525
 2897  0.7525
 2898  0.7525
 2899  0.7525
 2900  0.7525
 2901  0.7525
 2902  0.7525
 2903  0.7525
 2904  0.7525
 2905  0.7525
 2906  0.7525
 2907  0.7525
 2908  0.7525
 2909  0.7525
 2910  0.7525
 2911  0.7525
 2912  0.7525
 2913  0.7525
 2914  0.7525
 2915  0.7525
 2916  0.7525
 2917  0.7525
 2918  0.7525
 2919  0.7525
 2920  0.7525
 2921  0.7525
 2922  0.7525
 2923  0.7525
 2924  0.7525
 2925  0.7525
 2926  0.7525
 2927  0.7525
 2928  0.7525
 2929  0.7525
 2930  0.7525
 2931  0.7525
 2932  0.7525
 2933  0.7525
 2934  0.7525
 2935  0.7525
 2936  0.7525
 2937  0.7525
 2938  0.7525
 2939  0.7525
 2940  0.7525
 2941  0.7525
 2942  0.7525
 2943  0.7525
 2944  0.7525
 2945  0.7525
 2946  0.7525
 2947  0.7525
 2948  0.7525
 2949  0.7525
 2950  0.7525
 2951  0.7525
 2952  0.7525
 2953  0.7525
 2954  0.7525
 2955  0.7525
 2956  0.7525
 2957  0.7525
 2958  0.7525
 2959  0.7525
 2960  0.7525
 2961  0.7525
 2962  0.7525
 2963  0.7525
 2964  0.7525
 2965  0.7525
 2966  0.7525
 2967  0.7525
 2968  0.7525
 2969  0.7525
 2970  0.7525
 2971  0.7525
 2972  0.7525
 2973  0.7525
 2974  0.7525
 2975  0.7525
 2976  0.7525
 2977  0.7525
 2978  0.7525
 2979  0.7525
 2980  0.7525
 2981  0.7525
 2982  0.7525
 2983  0.7525
 2984  0.7525
 2985  0.7525
 2986  0.7525
 2987  0.7525
 2988  0.7525
 2989  0.7525
 2990  0.7525
 2991  0.7525
 2992  0.7525
 2993  0.7525
 2994  0.7525
 2995  0.7525
 2996  0.7525
 2997  0.7525
 2998  0.7525
 2999  0.7525
 3000  0.7525