1  0.9249
 2  0.9249
 3  0.9249
 4  0.9249
 5  0.9249
 6  0.9249
 7  0.9249
 8  0.9249
 9  0.9249
 10  0.9249
 11  0.9249
 12  0.9249
 13  0.9249
 14  0.9249
 15  0.9249
 16  0.9249
 17  0.9249
 18  0.9249
 19  0.9249
 20  0.9249
 21  0.9249
 22  0.9249
 23  0.9249
 24  0.9249
 25  0.9249
 26  0.9249
 27  0.9249
 28  0.9249
 29  0.9249
 30  0.9249
 31  0.9249
 32  0.9249
 33  0.9249
 34  0.9249
 35  0.9249
 36  0.9249
 37  0.9249
 38  0.9249
 39  0.9249
 40  0.9249
 41  0.9249
 42  0.9249
 43  0.9249
 44  0.9249
 45  0.9249
 46  0.9249
 47  0.9249
 48  0.9249
 49  0.9249
 50  0.9249
 51  0.9249
 52  0.9249
 53  0.9249
 54  0.9249
 55  0.9249
 56  0.9249
 57  0.9249
 58  0.9249
 59  0.9249
 60  0.9249
 61  0.9249
 62  0.9249
 63  0.9249
 64  0.9249
 65  0.9249
 66  0.9249
 67  0.9249
 68  0.8972
 69  0.8972
 70  0.8972
 71  0.8972
 72  0.8972
 73  0.8972
 74  0.8972
 75  0.8972
 76  0.8972
 77  0.8972
 78  0.8972
 79  0.8972
 80  0.8972
 81  0.8972
 82  0.8972
 83  0.8972
 84  0.8972
 85  0.8972
 86  0.8972
 87  0.8972
 88  0.8972
 89  0.8972
 90  0.8972
 91  0.8972
 92  0.8972
 93  0.8972
 94  0.8972
 95  0.8972
 96  0.8972
 97  0.8972
 98  0.8972
 99  0.8972
 100  0.8972
 101  0.8972
 102  0.8972
 103  0.8972
 104  0.8972
 105  0.8972
 106  0.8972
 107  0.8972
 108  0.8972
 109  0.8972
 110  0.8972
 111  0.8972
 112  0.8972
 113  0.8972
 114  0.8972
 115  0.8972
 116  0.8972
 117  0.8972
 118  0.8972
 119  0.8972
 120  0.8972
 121  0.8972
 122  0.8972
 123  0.8972
 124  0.8972
 125  0.8972
 126  0.8972
 127  0.8972
 128  0.8972
 129  0.8972
 130  0.8972
 131  0.8972
 132  0.8972
 133  0.8972
 134  0.8972
 135  0.8972
 136  0.8972
 137  0.8972
 138  0.8972
 139  0.8972
 140  0.8972
 141  0.8972
 142  0.8972
 143  0.8972
 144  0.8972
 145  0.8972
 146  0.8972
 147  0.8972
 148  0.8972
 149  0.8972
 150  0.8972
 151  0.8972
 152  0.8972
 153  0.8972
 154  0.8972
 155  0.8972
 156  0.8972
 157  0.8972
 158  0.8972
 159  0.8972
 160  0.8972
 161  0.8972
 162  0.8972
 163  0.8972
 164  0.8972
 165  0.8972
 166  0.8972
 167  0.8972
 168  0.8972
 169  0.8972
 170  0.8972
 171  0.8972
 172  0.8972
 173  0.8972
 174  0.8972
 175  0.8972
 176  0.8972
 177  0.8972
 178  0.8972
 179  0.8972
 180  0.8972
 181  0.8972
 182  0.8972
 183  0.8972
 184  0.8972
 185  0.8972
 186  0.8972
 187  0.8972
 188  0.8972
 189  0.8972
 190  0.8972
 191  0.8972
 192  0.8972
 193  0.8972
 194  0.8972
 195  0.8972
 196  0.8972
 197  0.8972
 198  0.8972
 199  0.8972
 200  0.8972
 201  0.8972
 202  0.8972
 203  0.8972
 204  0.8972
 205  0.8972
 206  0.8972
 207  0.8972
 208  0.8972
 209  0.8972
 210  0.8972
 211  0.8972
 212  0.8972
 213  0.8972
 214  0.8972
 215  0.8972
 216  0.8972
 217  0.8972
 218  0.8972
 219  0.8972
 220  0.8972
 221  0.8972
 222  0.8972
 223  0.8972
 224  0.8972
 225  0.8972
 226  0.8972
 227  0.8972
 228  0.8382
 229  0.8382
 230  0.8382
 231  0.8382
 232  0.8382
 233  0.8382
 234  0.8382
 235  0.8382
 236  0.8382
 237  0.8382
 238  0.8382
 239  0.8382
 240  0.8382
 241  0.8382
 242  0.8382
 243  0.8382
 244  0.8382
 245  0.8382
 246  0.8382
 247  0.8382
 248  0.8382
 249  0.8382
 250  0.8382
 251  0.8382
 252  0.8382
 253  0.8382
 254  0.8382
 255  0.8382
 256  0.8382
 257  0.8382
 258  0.8382
 259  0.8382
 260  0.8382
 261  0.8382
 262  0.8382
 263  0.8382
 264  0.8382
 265  0.8382
 266  0.8382
 267  0.8382
 268  0.8382
 269  0.8382
 270  0.8382
 271  0.8382
 272  0.8382
 273  0.8382
 274  0.8382
 275  0.8382
 276  0.8382
 277  0.8382
 278  0.8382
 279  0.8382
 280  0.8382
 281  0.8382
 282  0.8382
 283  0.8382
 284  0.8382
 285  0.8382
 286  0.8382
 287  0.8382
 288  0.8382
 289  0.8382
 290  0.8382
 291  0.8382
 292  0.8382
 293  0.8382
 294  0.8382
 295  0.8382
 296  0.8382
 297  0.8382
 298  0.8382
 299  0.8382
 300  0.8382
 301  0.8382
 302  0.8382
 303  0.8382
 304  0.8382
 305  0.8382
 306  0.8382
 307  0.8382
 308  0.8382
 309  0.8382
 310  0.8382
 311  0.8382
 312  0.8382
 313  0.8382
 314  0.8382
 315  0.8382
 316  0.8382
 317  0.8382
 318  0.8382
 319  0.8382
 320  0.8382
 321  0.8382
 322  0.8382
 323  0.8382
 324  0.8382
 325  0.8382
 326  0.8382
 327  0.8382
 328  0.8382
 329  0.8382
 330  0.8382
 331  0.8382
 332  0.8382
 333  0.8382
 334  0.8382
 335  0.8382
 336  0.8382
 337  0.8382
 338  0.8382
 339  0.8382
 340  0.8382
 341  0.8382
 342  0.8382
 343  0.8382
 344  0.8382
 345  0.8382
 346  0.8382
 347  0.8382
 348  0.8382
 349  0.8382
 350  0.8382
 351  0.8382
 352  0.8382
 353  0.8382
 354  0.8382
 355  0.8382
 356  0.8382
 357  0.8382
 358  0.8382
 359  0.8382
 360  0.8382
 361  0.8382
 362  0.8382
 363  0.8382
 364  0.8382
 365  0.8382
 366  0.8382
 367  0.8382
 368  0.8382
 369  0.8382
 370  0.8382
 371  0.8382
 372  0.8382
 373  0.8382
 374  0.8382
 375  0.8382
 376  0.8382
 377  0.8382
 378  0.8382
 379  0.8382
 380  0.8382
 381  0.8382
 382  0.8382
 383  0.8382
 384  0.8382
 385  0.8382
 386  0.8382
 387  0.8382
 388  0.8382
 389  0.8382
 390  0.8382
 391  0.8382
 392  0.8382
 393  0.8382
 394  0.8382
 395  0.8382
 396  0.8382
 397  0.8382
 398  0.8382
 399  0.8382
 400  0.8382
 401  0.8382
 402  0.8382
 403  0.8382
 404  0.8382
 405  0.8382
 406  0.8382
 407  0.8382
 408  0.8382
 409  0.8382
 410  0.8382
 411  0.8382
 412  0.8382
 413  0.8382
 414  0.8382
 415  0.8382
 416  0.8382
 417  0.8382
 418  0.8382
 419  0.8382
 420  0.8382
 421  0.8382
 422  0.8382
 423  0.8382
 424  0.8382
 425  0.8382
 426  0.8382
 427  0.8382
 428  0.8382
 429  0.8382
 430  0.8382
 431  0.8382
 432  0.8382
 433  0.8382
 434  0.8382
 435  0.8382
 436  0.8382
 437  0.8382
 438  0.8382
 439  0.8382
 440  0.8382
 441  0.8382
 442  0.8382
 443  0.8382
 444  0.8382
 445  0.8382
 446  0.8382
 447  0.8382
 448  0.8382
 449  0.8382
 450  0.8382
 451  0.8382
 452  0.8382
 453  0.8382
 454  0.8382
 455  0.8382
 456  0.8382
 457  0.8382
 458  0.8382
 459  0.8382
 460  0.8382
 461  0.8382
 462  0.8382
 463  0.8382
 464  0.8382
 465  0.8382
 466  0.8382
 467  0.8382
 468  0.8382
 469  0.8382
 470  0.8382
 471  0.8382
 472  0.8382
 473  0.8382
 474  0.8382
 475  0.8382
 476  0.8382
 477  0.8382
 478  0.8382
 479  0.8382
 480  0.8382
 481  0.8382
 482  0.8382
 483  0.8382
 484  0.8382
 485  0.8382
 486  0.8382
 487  0.8382
 488  0.8382
 489  0.8382
 490  0.8382
 491  0.8382
 492  0.8382
 493  0.8382
 494  0.8382
 495  0.8382
 496  0.8382
 497  0.8382
 498  0.8382
 499  0.8382
 500  0.8382
 501  0.8382
 502  0.8382
 503  0.8382
 504  0.8382
 505  0.8382
 506  0.8382
 507  0.8382
 508  0.8382
 509  0.8382
 510  0.8382
 511  0.8382
 512  0.8382
 513  0.8382
 514  0.8382
 515  0.8382
 516  0.8382
 517  0.8382
 518  0.8382
 519  0.8382
 520  0.8382
 521  0.8382
 522  0.8382
 523  0.8382
 524  0.8382
 525  0.8382
 526  0.8382
 527  0.8382
 528  0.8382
 529  0.8382
 530  0.8382
 531  0.8382
 532  0.8382
 533  0.8382
 534  0.8382
 535  0.8382
 536  0.8382
 537  0.8382
 538  0.8382
 539  0.8382
 540  0.8382
 541  0.8382
 542  0.8382
 543  0.8382
 544  0.8382
 545  0.8382
 546  0.8382
 547  0.8382
 548  0.8382
 549  0.8382
 550  0.8382
 551  0.8382
 552  0.8382
 553  0.8382
 554  0.8382
 555  0.8382
 556  0.8382
 557  0.8382
 558  0.8382
 559  0.8382
 560  0.8382
 561  0.8382
 562  0.8382
 563  0.8382
 564  0.8382
 565  0.8382
 566  0.8382
 567  0.8382
 568  0.8382
 569  0.8382
 570  0.8382
 571  0.8382
 572  0.8382
 573  0.8382
 574  0.8382
 575  0.8382
 576  0.8382
 577  0.8382
 578  0.8382
 579  0.8382
 580  0.8382
 581  0.8382
 582  0.8382
 583  0.8382
 584  0.8382
 585  0.8382
 586  0.8382
 587  0.8382
 588  0.8382
 589  0.8382
 590  0.8382
 591  0.8382
 592  0.8382
 593  0.8382
 594  0.8382
 595  0.8382
 596  0.8382
 597  0.8382
 598  0.8382
 599  0.8382
 600  0.8382
 601  0.8382
 602  0.8382
 603  0.8382
 604  0.8382
 605  0.8382
 606  0.8382
 607  0.8382
 608  0.8382
 609  0.8382
 610  0.8382
 611  0.8382
 612  0.8382
 613  0.8382
 614  0.8382
 615  0.8382
 616  0.8382
 617  0.8382
 618  0.8382
 619  0.8382
 620  0.8382
 621  0.8382
 622  0.8382
 623  0.8382
 624  0.8382
 625  0.8382
 626  0.8382
 627  0.8382
 628  0.8382
 629  0.8382
 630  0.8382
 631  0.8382
 632  0.8382
 633  0.8382
 634  0.8382
 635  0.8382
 636  0.8382
 637  0.8382
 638  0.8382
 639  0.8382
 640  0.8382
 641  0.8382
 642  0.8382
 643  0.8382
 644  0.8382
 645  0.8382
 646  0.8382
 647  0.8382
 648  0.8382
 649  0.8382
 650  0.8382
 651  0.8382
 652  0.8382
 653  0.8382
 654  0.8382
 655  0.8382
 656  0.8382
 657  0.8382
 658  0.8382
 659  0.8382
 660  0.8382
 661  0.8382
 662  0.8382
 663  0.8382
 664  0.8382
 665  0.8382
 666  0.8382
 667  0.8382
 668  0.8382
 669  0.8382
 670  0.8382
 671  0.8382
 672  0.8382
 673  0.8382
 674  0.8382
 675  0.8382
 676  0.8382
 677  0.8382
 678  0.8382
 679  0.8382
 680  0.8382
 681  0.8382
 682  0.8382
 683  0.8382
 684  0.8382
 685  0.8382
 686  0.8382
 687  0.8382
 688  0.8382
 689  0.8382
 690  0.8382
 691  0.8382
 692  0.8382
 693  0.8382
 694  0.8382
 695  0.8382
 696  0.8382
 697  0.8382
 698  0.8382
 699  0.8382
 700  0.8382
 701  0.8382
 702  0.8382
 703  0.8382
 704  0.8382
 705  0.8382
 706  0.8382
 707  0.8382
 708  0.8382
 709  0.8382
 710  0.8382
 711  0.8382
 712  0.8382
 713  0.8382
 714  0.8382
 715  0.8382
 716  0.8382
 717  0.8382
 718  0.8382
 719  0.8382
 720  0.8382
 721  0.8382
 722  0.8382
 723  0.8382
 724  0.8382
 725  0.8382
 726  0.8382
 727  0.8382
 728  0.8382
 729  0.8382
 730  0.8382
 731  0.8382
 732  0.8382
 733  0.8382
 734  0.8382
 735  0.8382
 736  0.8382
 737  0.8382
 738  0.8382
 739  0.8382
 740  0.8382
 741  0.8382
 742  0.8382
 743  0.8382
 744  0.8382
 745  0.8382
 746  0.8382
 747  0.8382
 748  0.8382
 749  0.8382
 750  0.8382
 751  0.8382
 752  0.8382
 753  0.8382
 754  0.8382
 755  0.8382
 756  0.8382
 757  0.8382
 758  0.8382
 759  0.8382
 760  0.8382
 761  0.8382
 762  0.8382
 763  0.8382
 764  0.8382
 765  0.8382
 766  0.8382
 767  0.8382
 768  0.8382
 769  0.8382
 770  0.8382
 771  0.8382
 772  0.8382
 773  0.8382
 774  0.8382
 775  0.8382
 776  0.8382
 777  0.8382
 778  0.8382
 779  0.8382
 780  0.8382
 781  0.8382
 782  0.8382
 783  0.8382
 784  0.8382
 785  0.8382
 786  0.8382
 787  0.8382
 788  0.8382
 789  0.8382
 790  0.8382
 791  0.8382
 792  0.8382
 793  0.8382
 794  0.8382
 795  0.8382
 796  0.8382
 797  0.8382
 798  0.8382
 799  0.8382
 800  0.8382
 801  0.8382
 802  0.8382
 803  0.8382
 804  0.8382
 805  0.8382
 806  0.8382
 807  0.8382
 808  0.8382
 809  0.8382
 810  0.8382
 811  0.8382
 812  0.8382
 813  0.8382
 814  0.8382
 815  0.8382
 816  0.8382
 817  0.8382
 818  0.8382
 819  0.8382
 820  0.8382
 821  0.8382
 822  0.8382
 823  0.8382
 824  0.8382
 825  0.8382
 826  0.8382
 827  0.8382
 828  0.8382
 829  0.8382
 830  0.8382
 831  0.8382
 832  0.8382
 833  0.8382
 834  0.8382
 835  0.8382
 836  0.8382
 837  0.8382
 838  0.8382
 839  0.8382
 840  0.8382
 841  0.8382
 842  0.8382
 843  0.8382
 844  0.8382
 845  0.8382
 846  0.8382
 847  0.8382
 848  0.8382
 849  0.8382
 850  0.8382
 851  0.8382
 852  0.8382
 853  0.8382
 854  0.8382
 855  0.8382
 856  0.8382
 857  0.8382
 858  0.8382
 859  0.8382
 860  0.8382
 861  0.8382
 862  0.8382
 863  0.8382
 864  0.8382
 865  0.8382
 866  0.8382
 867  0.8382
 868  0.8382
 869  0.8382
 870  0.8382
 871  0.8382
 872  0.8382
 873  0.8382
 874  0.8382
 875  0.8382
 876  0.8382
 877  0.8382
 878  0.8382
 879  0.8382
 880  0.8382
 881  0.8382
 882  0.8382
 883  0.8382
 884  0.8382
 885  0.8382
 886  0.8382
 887  0.8382
 888  0.8382
 889  0.8382
 890  0.8382
 891  0.8382
 892  0.8382
 893  0.8382
 894  0.8382
 895  0.8382
 896  0.8382
 897  0.8382
 898  0.8382
 899  0.8382
 900  0.8382
 901  0.8382
 902  0.8382
 903  0.8382
 904  0.8382
 905  0.8382
 906  0.8382
 907  0.8382
 908  0.8382
 909  0.8382
 910  0.8382
 911  0.8382
 912  0.8382
 913  0.8382
 914  0.8382
 915  0.8382
 916  0.8382
 917  0.8382
 918  0.8382
 919  0.8382
 920  0.8382
 921  0.8382
 922  0.8382
 923  0.8382
 924  0.8382
 925  0.8382
 926  0.8382
 927  0.8382
 928  0.8382
 929  0.8382
 930  0.8382
 931  0.8382
 932  0.8382
 933  0.8382
 934  0.8382
 935  0.8382
 936  0.8382
 937  0.8382
 938  0.8382
 939  0.8382
 940  0.8382
 941  0.8382
 942  0.8382
 943  0.8382
 944  0.8382
 945  0.8382
 946  0.8382
 947  0.8382
 948  0.8382
 949  0.8382
 950  0.8382
 951  0.8382
 952  0.8382
 953  0.8382
 954  0.8382
 955  0.8382
 956  0.8382
 957  0.8382
 958  0.8382
 959  0.8382
 960  0.8382
 961  0.8382
 962  0.8382
 963  0.8382
 964  0.8382
 965  0.8382
 966  0.8382
 967  0.8382
 968  0.8382
 969  0.8382
 970  0.8382
 971  0.8382
 972  0.8382
 973  0.8382
 974  0.8382
 975  0.8382
 976  0.8382
 977  0.8382
 978  0.8382
 979  0.8382
 980  0.8382
 981  0.8382
 982  0.8382
 983  0.8382
 984  0.8382
 985  0.8382
 986  0.8382
 987  0.8382
 988  0.8382
 989  0.8382
 990  0.8382
 991  0.8382
 992  0.8382
 993  0.8382
 994  0.8382
 995  0.8382
 996  0.8382
 997  0.8382
 998  0.8382
 999  0.8382
 1000  0.8382
 1001  0.8382
 1002  0.8382
 1003  0.8382
 1004  0.8382
 1005  0.8382
 1006  0.8382
 1007  0.8382
 1008  0.8382
 1009  0.8382
 1010  0.8382
 1011  0.8382
 1012  0.8382
 1013  0.8382
 1014  0.8382
 1015  0.8382
 1016  0.8382
 1017  0.8382
 1018  0.8382
 1019  0.8382
 1020  0.8382
 1021  0.8382
 1022  0.8382
 1023  0.8382
 1024  0.8382
 1025  0.8382
 1026  0.8382
 1027  0.8382
 1028  0.8382
 1029  0.8382
 1030  0.8382
 1031  0.8382
 1032  0.8382
 1033  0.8382
 1034  0.8382
 1035  0.8382
 1036  0.8382
 1037  0.8382
 1038  0.8382
 1039  0.8382
 1040  0.8382
 1041  0.8382
 1042  0.8382
 1043  0.8382
 1044  0.8382
 1045  0.8382
 1046  0.8382
 1047  0.8382
 1048  0.8382
 1049  0.8382
 1050  0.8382
 1051  0.8382
 1052  0.8382
 1053  0.8382
 1054  0.8382
 1055  0.8382
 1056  0.8382
 1057  0.8382
 1058  0.8382
 1059  0.8382
 1060  0.8382
 1061  0.8382
 1062  0.8382
 1063  0.8382
 1064  0.8382
 1065  0.8382
 1066  0.8382
 1067  0.8382
 1068  0.8382
 1069  0.8382
 1070  0.8382
 1071  0.8382
 1072  0.8382
 1073  0.8382
 1074  0.8382
 1075  0.8382
 1076  0.8382
 1077  0.8382
 1078  0.8382
 1079  0.8382
 1080  0.8382
 1081  0.8382
 1082  0.8382
 1083  0.8382
 1084  0.8382
 1085  0.8382
 1086  0.8382
 1087  0.8382
 1088  0.8382
 1089  0.8382
 1090  0.8382
 1091  0.8382
 1092  0.8382
 1093  0.8382
 1094  0.8382
 1095  0.8382
 1096  0.8382
 1097  0.8382
 1098  0.8382
 1099  0.8382
 1100  0.8382
 1101  0.8382
 1102  0.8382
 1103  0.8382
 1104  0.8382
 1105  0.8382
 1106  0.8382
 1107  0.8382
 1108  0.8382
 1109  0.8382
 1110  0.8382
 1111  0.8382
 1112  0.8382
 1113  0.8382
 1114  0.8382
 1115  0.8382
 1116  0.8382
 1117  0.8382
 1118  0.8382
 1119  0.8382
 1120  0.8382
 1121  0.8382
 1122  0.8382
 1123  0.8382
 1124  0.8382
 1125  0.8382
 1126  0.8382
 1127  0.8382
 1128  0.8382
 1129  0.8382
 1130  0.8382
 1131  0.8382
 1132  0.8382
 1133  0.8382
 1134  0.8382
 1135  0.8382
 1136  0.8382
 1137  0.8382
 1138  0.8382
 1139  0.8382
 1140  0.8382
 1141  0.8382
 1142  0.8382
 1143  0.8382
 1144  0.8382
 1145  0.8382
 1146  0.8382
 1147  0.8382
 1148  0.8382
 1149  0.8382
 1150  0.8382
 1151  0.8382
 1152  0.8382
 1153  0.8382
 1154  0.8382
 1155  0.8382
 1156  0.8382
 1157  0.8382
 1158  0.8382
 1159  0.8382
 1160  0.8382
 1161  0.8382
 1162  0.8382
 1163  0.8382
 1164  0.8382
 1165  0.8382
 1166  0.8382
 1167  0.8382
 1168  0.8382
 1169  0.8382
 1170  0.8382
 1171  0.8382
 1172  0.8382
 1173  0.8382
 1174  0.8382
 1175  0.8382
 1176  0.8382
 1177  0.8382
 1178  0.8382
 1179  0.8382
 1180  0.8382
 1181  0.8382
 1182  0.8382
 1183  0.8382
 1184  0.8382
 1185  0.8382
 1186  0.8382
 1187  0.8382
 1188  0.8382
 1189  0.8382
 1190  0.8382
 1191  0.8382
 1192  0.8382
 1193  0.8382
 1194  0.8382
 1195  0.8382
 1196  0.8382
 1197  0.8382
 1198  0.8382
 1199  0.8382
 1200  0.8382
 1201  0.8382
 1202  0.8382
 1203  0.8382
 1204  0.8382
 1205  0.8382
 1206  0.8382
 1207  0.8382
 1208  0.8382
 1209  0.8382
 1210  0.8382
 1211  0.8382
 1212  0.8382
 1213  0.8382
 1214  0.8382
 1215  0.8382
 1216  0.8382
 1217  0.8382
 1218  0.8382
 1219  0.8382
 1220  0.8382
 1221  0.8382
 1222  0.8382
 1223  0.8382
 1224  0.8382
 1225  0.8382
 1226  0.8382
 1227  0.8382
 1228  0.8382
 1229  0.8382
 1230  0.8382
 1231  0.8382
 1232  0.8382
 1233  0.8382
 1234  0.8382
 1235  0.8382
 1236  0.8382
 1237  0.8382
 1238  0.8382
 1239  0.8382
 1240  0.8382
 1241  0.8382
 1242  0.8382
 1243  0.8382
 1244  0.8382
 1245  0.8382
 1246  0.8382
 1247  0.8382
 1248  0.8382
 1249  0.8382
 1250  0.8382
 1251  0.8382
 1252  0.8382
 1253  0.8382
 1254  0.8382
 1255  0.8382
 1256  0.8382
 1257  0.8382
 1258  0.8382
 1259  0.8382
 1260  0.8382
 1261  0.8382
 1262  0.8382
 1263  0.8382
 1264  0.8382
 1265  0.8382
 1266  0.8382
 1267  0.8382
 1268  0.8382
 1269  0.8382
 1270  0.8382
 1271  0.8382
 1272  0.8382
 1273  0.8382
 1274  0.8382
 1275  0.8382
 1276  0.8382
 1277  0.8382
 1278  0.8382
 1279  0.8382
 1280  0.8382
 1281  0.8382
 1282  0.8382
 1283  0.8382
 1284  0.8382
 1285  0.8382
 1286  0.8382
 1287  0.8382
 1288  0.8382
 1289  0.8382
 1290  0.8382
 1291  0.8382
 1292  0.8382
 1293  0.8382
 1294  0.8382
 1295  0.8382
 1296  0.8382
 1297  0.8382
 1298  0.8382
 1299  0.8382
 1300  0.8382
 1301  0.8382
 1302  0.8382
 1303  0.8382
 1304  0.8382
 1305  0.8382
 1306  0.8382
 1307  0.8382
 1308  0.8382
 1309  0.8382
 1310  0.8382
 1311  0.8382
 1312  0.8382
 1313  0.8382
 1314  0.8382
 1315  0.8382
 1316  0.8382
 1317  0.8382
 1318  0.8382
 1319  0.8382
 1320  0.8382
 1321  0.8382
 1322  0.8382
 1323  0.8382
 1324  0.8382
 1325  0.8382
 1326  0.8382
 1327  0.8382
 1328  0.8382
 1329  0.8382
 1330  0.8382
 1331  0.8382
 1332  0.8382
 1333  0.8382
 1334  0.8382
 1335  0.8382
 1336  0.8382
 1337  0.8382
 1338  0.8382
 1339  0.8382
 1340  0.8382
 1341  0.8382
 1342  0.8382
 1343  0.8382
 1344  0.8382
 1345  0.8382
 1346  0.8382
 1347  0.8382
 1348  0.8382
 1349  0.8382
 1350  0.8382
 1351  0.8382
 1352  0.8382
 1353  0.8382
 1354  0.8382
 1355  0.8382
 1356  0.8382
 1357  0.8382
 1358  0.8382
 1359  0.8382
 1360  0.8382
 1361  0.8382
 1362  0.8382
 1363  0.8382
 1364  0.8382
 1365  0.8382
 1366  0.8382
 1367  0.8382
 1368  0.8382
 1369  0.8382
 1370  0.8382
 1371  0.8382
 1372  0.8382
 1373  0.8382
 1374  0.8382
 1375  0.8382
 1376  0.8382
 1377  0.8382
 1378  0.8382
 1379  0.8382
 1380  0.8382
 1381  0.8382
 1382  0.8382
 1383  0.8382
 1384  0.8382
 1385  0.8382
 1386  0.8382
 1387  0.8382
 1388  0.8382
 1389  0.8382
 1390  0.8382
 1391  0.8382
 1392  0.8382
 1393  0.8382
 1394  0.8382
 1395  0.8382
 1396  0.8382
 1397  0.8382
 1398  0.8382
 1399  0.8382
 1400  0.8382
 1401  0.8382
 1402  0.8382
 1403  0.8382
 1404  0.8382
 1405  0.8382
 1406  0.8382
 1407  0.8382
 1408  0.8382
 1409  0.8382
 1410  0.8382
 1411  0.8382
 1412  0.8382
 1413  0.8382
 1414  0.8382
 1415  0.8382
 1416  0.8382
 1417  0.8382
 1418  0.8382
 1419  0.8382
 1420  0.8382
 1421  0.8382
 1422  0.8382
 1423  0.8382
 1424  0.8382
 1425  0.8382
 1426  0.8382
 1427  0.8382
 1428  0.8382
 1429  0.8382
 1430  0.8382
 1431  0.8382
 1432  0.8382
 1433  0.8382
 1434  0.8382
 1435  0.8382
 1436  0.8382
 1437  0.8382
 1438  0.8382
 1439  0.8382
 1440  0.8382
 1441  0.8382
 1442  0.8382
 1443  0.8382
 1444  0.8382
 1445  0.8382
 1446  0.8382
 1447  0.8382
 1448  0.8382
 1449  0.8382
 1450  0.8382
 1451  0.8382
 1452  0.8382
 1453  0.8382
 1454  0.8382
 1455  0.8382
 1456  0.8382
 1457  0.8382
 1458  0.8382
 1459  0.8382
 1460  0.8382
 1461  0.8382
 1462  0.8382
 1463  0.8382
 1464  0.8382
 1465  0.8382
 1466  0.8382
 1467  0.8382
 1468  0.8382
 1469  0.8382
 1470  0.8382
 1471  0.8382
 1472  0.8382
 1473  0.8382
 1474  0.8382
 1475  0.8382
 1476  0.8382
 1477  0.8382
 1478  0.8382
 1479  0.8382
 1480  0.8382
 1481  0.8382
 1482  0.8382
 1483  0.8382
 1484  0.8382
 1485  0.8382
 1486  0.8382
 1487  0.8382
 1488  0.8382
 1489  0.8382
 1490  0.8382
 1491  0.8382
 1492  0.8382
 1493  0.8382
 1494  0.8382
 1495  0.8382
 1496  0.8382
 1497  0.8382
 1498  0.8382
 1499  0.8382
 1500  0.8382
 1501  0.8382
 1502  0.8382
 1503  0.8382
 1504  0.8382
 1505  0.8382
 1506  0.8382
 1507  0.8382
 1508  0.8382
 1509  0.8382
 1510  0.8382
 1511  0.8382
 1512  0.8382
 1513  0.8382
 1514  0.8382
 1515  0.8382
 1516  0.8382
 1517  0.8382
 1518  0.8382
 1519  0.8382
 1520  0.8382
 1521  0.8382
 1522  0.8382
 1523  0.8382
 1524  0.8382
 1525  0.8382
 1526  0.8382
 1527  0.8382
 1528  0.8382
 1529  0.8382
 1530  0.8382
 1531  0.8382
 1532  0.8382
 1533  0.8382
 1534  0.8382
 1535  0.8382
 1536  0.8382
 1537  0.8382
 1538  0.8382
 1539  0.8382
 1540  0.8382
 1541  0.8382
 1542  0.8382
 1543  0.8382
 1544  0.8382
 1545  0.8382
 1546  0.8382
 1547  0.8382
 1548  0.8382
 1549  0.8382
 1550  0.8382
 1551  0.8382
 1552  0.8382
 1553  0.8382
 1554  0.8382
 1555  0.8382
 1556  0.8382
 1557  0.8382
 1558  0.8382
 1559  0.8382
 1560  0.8382
 1561  0.8382
 1562  0.8382
 1563  0.8382
 1564  0.8382
 1565  0.8382
 1566  0.8382
 1567  0.8382
 1568  0.8382
 1569  0.8382
 1570  0.8382
 1571  0.8382
 1572  0.8382
 1573  0.8382
 1574  0.8382
 1575  0.8382
 1576  0.8382
 1577  0.8382
 1578  0.8382
 1579  0.8382
 1580  0.8382
 1581  0.8382
 1582  0.8382
 1583  0.8382
 1584  0.8382
 1585  0.8382
 1586  0.8382
 1587  0.8382
 1588  0.8382
 1589  0.8382
 1590  0.8382
 1591  0.8382
 1592  0.8382
 1593  0.8382
 1594  0.8382
 1595  0.8382
 1596  0.8382
 1597  0.8382
 1598  0.8382
 1599  0.8382
 1600  0.8382
 1601  0.8382
 1602  0.8382
 1603  0.8382
 1604  0.8382
 1605  0.8382
 1606  0.8382
 1607  0.8382
 1608  0.8382
 1609  0.8382
 1610  0.8382
 1611  0.8382
 1612  0.8382
 1613  0.8382
 1614  0.8382
 1615  0.8382
 1616  0.8382
 1617  0.8382
 1618  0.8382
 1619  0.8382
 1620  0.8382
 1621  0.8382
 1622  0.8382
 1623  0.8382
 1624  0.8382
 1625  0.8382
 1626  0.8382
 1627  0.8382
 1628  0.8382
 1629  0.8382
 1630  0.8382
 1631  0.8382
 1632  0.8382
 1633  0.8382
 1634  0.8382
 1635  0.8382
 1636  0.8382
 1637  0.8382
 1638  0.8382
 1639  0.8382
 1640  0.8382
 1641  0.8382
 1642  0.8382
 1643  0.8382
 1644  0.8382
 1645  0.8382
 1646  0.8382
 1647  0.8382
 1648  0.8382
 1649  0.8382
 1650  0.8382
 1651  0.8382
 1652  0.8382
 1653  0.8382
 1654  0.8382
 1655  0.8382
 1656  0.8382
 1657  0.8382
 1658  0.8382
 1659  0.8382
 1660  0.8382
 1661  0.8382
 1662  0.8382
 1663  0.8382
 1664  0.8382
 1665  0.8382
 1666  0.8382
 1667  0.8382
 1668  0.8382
 1669  0.8382
 1670  0.8382
 1671  0.8382
 1672  0.8382
 1673  0.8382
 1674  0.8382
 1675  0.8382
 1676  0.8382
 1677  0.8382
 1678  0.8382
 1679  0.8382
 1680  0.8382
 1681  0.8382
 1682  0.8382
 1683  0.8382
 1684  0.8382
 1685  0.8382
 1686  0.8382
 1687  0.8382
 1688  0.8382
 1689  0.8382
 1690  0.8382
 1691  0.8382
 1692  0.8382
 1693  0.8382
 1694  0.8382
 1695  0.8382
 1696  0.8382
 1697  0.8382
 1698  0.8382
 1699  0.8382
 1700  0.8382
 1701  0.8382
 1702  0.8382
 1703  0.8382
 1704  0.8382
 1705  0.8382
 1706  0.8382
 1707  0.8382
 1708  0.8382
 1709  0.8382
 1710  0.8382
 1711  0.8382
 1712  0.8382
 1713  0.8382
 1714  0.8382
 1715  0.8382
 1716  0.8382
 1717  0.8382
 1718  0.8382
 1719  0.8382
 1720  0.8382
 1721  0.8382
 1722  0.8382
 1723  0.8382
 1724  0.8382
 1725  0.8382
 1726  0.8382
 1727  0.8382
 1728  0.8382
 1729  0.8382
 1730  0.8382
 1731  0.8382
 1732  0.8382
 1733  0.8382
 1734  0.8382
 1735  0.8382
 1736  0.8382
 1737  0.8382
 1738  0.8382
 1739  0.8382
 1740  0.8382
 1741  0.8382
 1742  0.8382
 1743  0.8382
 1744  0.8382
 1745  0.8382
 1746  0.8382
 1747  0.8382
 1748  0.8382
 1749  0.8382
 1750  0.8382
 1751  0.8382
 1752  0.8382
 1753  0.8382
 1754  0.8382
 1755  0.8382
 1756  0.8382
 1757  0.8382
 1758  0.8382
 1759  0.8382
 1760  0.8382
 1761  0.8382
 1762  0.8382
 1763  0.8382
 1764  0.8382
 1765  0.8382
 1766  0.8382
 1767  0.8382
 1768  0.8382
 1769  0.8382
 1770  0.8382
 1771  0.8382
 1772  0.8382
 1773  0.8382
 1774  0.8382
 1775  0.8382
 1776  0.8382
 1777  0.8382
 1778  0.8382
 1779  0.8382
 1780  0.8382
 1781  0.8382
 1782  0.8382
 1783  0.8382
 1784  0.8382
 1785  0.8382
 1786  0.8382
 1787  0.8382
 1788  0.8382
 1789  0.8382
 1790  0.8382
 1791  0.8382
 1792  0.8382
 1793  0.8382
 1794  0.8382
 1795  0.8382
 1796  0.8382
 1797  0.8382
 1798  0.8382
 1799  0.8382
 1800  0.8382
 1801  0.8382
 1802  0.8382
 1803  0.8382
 1804  0.8382
 1805  0.8382
 1806  0.8382
 1807  0.8382
 1808  0.8382
 1809  0.8382
 1810  0.8382
 1811  0.8382
 1812  0.8382
 1813  0.8382
 1814  0.8382
 1815  0.8382
 1816  0.8382
 1817  0.8382
 1818  0.8382
 1819  0.8382
 1820  0.8382
 1821  0.8382
 1822  0.8382
 1823  0.8382
 1824  0.8382
 1825  0.8382
 1826  0.8382
 1827  0.8382
 1828  0.8382
 1829  0.8382
 1830  0.8382
 1831  0.8382
 1832  0.8382
 1833  0.8382
 1834  0.8382
 1835  0.8382
 1836  0.8382
 1837  0.8382
 1838  0.8382
 1839  0.8382
 1840  0.8382
 1841  0.8382
 1842  0.8382
 1843  0.8382
 1844  0.8382
 1845  0.8382
 1846  0.8382
 1847  0.8382
 1848  0.8382
 1849  0.8382
 1850  0.8382
 1851  0.8382
 1852  0.8382
 1853  0.8382
 1854  0.8382
 1855  0.8382
 1856  0.8382
 1857  0.8382
 1858  0.8382
 1859  0.8382
 1860  0.8382
 1861  0.8382
 1862  0.8382
 1863  0.8382
 1864  0.8382
 1865  0.8382
 1866  0.8382
 1867  0.8382
 1868  0.8382
 1869  0.8382
 1870  0.8382
 1871  0.8382
 1872  0.8382
 1873  0.8382
 1874  0.8382
 1875  0.8382
 1876  0.8382
 1877  0.8382
 1878  0.8382
 1879  0.8382
 1880  0.8382
 1881  0.8382
 1882  0.8382
 1883  0.8382
 1884  0.8382
 1885  0.8382
 1886  0.8382
 1887  0.8382
 1888  0.8382
 1889  0.8382
 1890  0.8382
 1891  0.8382
 1892  0.8382
 1893  0.8382
 1894  0.8382
 1895  0.8382
 1896  0.8382
 1897  0.8382
 1898  0.8382
 1899  0.8382
 1900  0.8382
 1901  0.8382
 1902  0.8382
 1903  0.8382
 1904  0.8382
 1905  0.8382
 1906  0.8382
 1907  0.8382
 1908  0.8382
 1909  0.8382
 1910  0.8382
 1911  0.8382
 1912  0.8382
 1913  0.8382
 1914  0.8382
 1915  0.8382
 1916  0.8382
 1917  0.8382
 1918  0.8382
 1919  0.8382
 1920  0.8382
 1921  0.8382
 1922  0.8382
 1923  0.8382
 1924  0.8382
 1925  0.8382
 1926  0.8382
 1927  0.8382
 1928  0.8382
 1929  0.8382
 1930  0.8382
 1931  0.8382
 1932  0.8382
 1933  0.8382
 1934  0.8382
 1935  0.8382
 1936  0.8382
 1937  0.8382
 1938  0.8382
 1939  0.8382
 1940  0.8382
 1941  0.8382
 1942  0.8382
 1943  0.8382
 1944  0.8382
 1945  0.8382
 1946  0.8382
 1947  0.8382
 1948  0.8382
 1949  0.8382
 1950  0.8382
 1951  0.8382
 1952  0.8382
 1953  0.8382
 1954  0.8382
 1955  0.8382
 1956  0.8382
 1957  0.8382
 1958  0.8382
 1959  0.8382
 1960  0.8382
 1961  0.8382
 1962  0.8382
 1963  0.8382
 1964  0.8382
 1965  0.8382
 1966  0.8382
 1967  0.8382
 1968  0.8382
 1969  0.8382
 1970  0.8382
 1971  0.8382
 1972  0.8382
 1973  0.8382
 1974  0.8382
 1975  0.8382
 1976  0.8382
 1977  0.8382
 1978  0.8382
 1979  0.8382
 1980  0.8382
 1981  0.8382
 1982  0.8382
 1983  0.8382
 1984  0.8382
 1985  0.8382
 1986  0.8382
 1987  0.8382
 1988  0.8382
 1989  0.8382
 1990  0.8382
 1991  0.8382
 1992  0.8382
 1993  0.8382
 1994  0.8382
 1995  0.8382
 1996  0.8382
 1997  0.8382
 1998  0.8382
 1999  0.8382
 2000  0.8382
 2001  0.8382
 2002  0.8382
 2003  0.8382
 2004  0.8382
 2005  0.8382
 2006  0.8382
 2007  0.8382
 2008  0.8382
 2009  0.8382
 2010  0.8382
 2011  0.8382
 2012  0.8382
 2013  0.8382
 2014  0.8382
 2015  0.8382
 2016  0.8382
 2017  0.8382
 2018  0.8382
 2019  0.8382
 2020  0.8382
 2021  0.8382
 2022  0.8382
 2023  0.8382
 2024  0.8382
 2025  0.8382
 2026  0.8382
 2027  0.8382
 2028  0.8382
 2029  0.8382
 2030  0.8382
 2031  0.8382
 2032  0.8382
 2033  0.8382
 2034  0.8382
 2035  0.8382
 2036  0.8382
 2037  0.8382
 2038  0.8382
 2039  0.8382
 2040  0.8382
 2041  0.8382
 2042  0.8382
 2043  0.8382
 2044  0.8382
 2045  0.8382
 2046  0.8382
 2047  0.8382
 2048  0.8382
 2049  0.8382
 2050  0.8382
 2051  0.8382
 2052  0.8382
 2053  0.8382
 2054  0.8382
 2055  0.8382
 2056  0.8382
 2057  0.8382
 2058  0.8382
 2059  0.8382
 2060  0.8382
 2061  0.8382
 2062  0.8382
 2063  0.8382
 2064  0.8382
 2065  0.8382
 2066  0.8382
 2067  0.8382
 2068  0.8382
 2069  0.8382
 2070  0.8382
 2071  0.8382
 2072  0.8382
 2073  0.8382
 2074  0.8382
 2075  0.8382
 2076  0.8382
 2077  0.8382
 2078  0.8382
 2079  0.8382
 2080  0.8382
 2081  0.8382
 2082  0.8382
 2083  0.8382
 2084  0.8382
 2085  0.8382
 2086  0.8382
 2087  0.8382
 2088  0.8382
 2089  0.8382
 2090  0.8382
 2091  0.8382
 2092  0.8382
 2093  0.8382
 2094  0.8382
 2095  0.8382
 2096  0.8382
 2097  0.8382
 2098  0.8382
 2099  0.8382
 2100  0.8382
 2101  0.8382
 2102  0.8382
 2103  0.8382
 2104  0.8382
 2105  0.8382
 2106  0.8382
 2107  0.8382
 2108  0.8382
 2109  0.8382
 2110  0.8382
 2111  0.8382
 2112  0.8382
 2113  0.8382
 2114  0.8382
 2115  0.8382
 2116  0.8382
 2117  0.8382
 2118  0.8382
 2119  0.8382
 2120  0.8382
 2121  0.8382
 2122  0.8382
 2123  0.8382
 2124  0.8382
 2125  0.8382
 2126  0.8382
 2127  0.8382
 2128  0.8382
 2129  0.8382
 2130  0.8382
 2131  0.8382
 2132  0.8382
 2133  0.8382
 2134  0.8382
 2135  0.8382
 2136  0.8382
 2137  0.8382
 2138  0.8382
 2139  0.8382
 2140  0.8382
 2141  0.8382
 2142  0.8382
 2143  0.8382
 2144  0.8382
 2145  0.8382
 2146  0.8382
 2147  0.8382
 2148  0.8382
 2149  0.8382
 2150  0.8382
 2151  0.8382
 2152  0.8382
 2153  0.8382
 2154  0.8382
 2155  0.8382
 2156  0.8382
 2157  0.8382
 2158  0.8382
 2159  0.8382
 2160  0.8382
 2161  0.8382
 2162  0.8382
 2163  0.8382
 2164  0.8382
 2165  0.8382
 2166  0.8382
 2167  0.8382
 2168  0.8382
 2169  0.8382
 2170  0.8382
 2171  0.8382
 2172  0.8382
 2173  0.8382
 2174  0.8382
 2175  0.8382
 2176  0.8382
 2177  0.8382
 2178  0.8382
 2179  0.8382
 2180  0.8382
 2181  0.8382
 2182  0.8382
 2183  0.8382
 2184  0.8382
 2185  0.8382
 2186  0.8382
 2187  0.8382
 2188  0.8382
 2189  0.8382
 2190  0.8382
 2191  0.8382
 2192  0.8382
 2193  0.8382
 2194  0.8382
 2195  0.8382
 2196  0.8382
 2197  0.8382
 2198  0.8382
 2199  0.8382
 2200  0.8382
 2201  0.8382
 2202  0.8382
 2203  0.8382
 2204  0.8382
 2205  0.8382
 2206  0.8382
 2207  0.8382
 2208  0.8382
 2209  0.8382
 2210  0.8382
 2211  0.8382
 2212  0.8382
 2213  0.8382
 2214  0.8382
 2215  0.8382
 2216  0.8382
 2217  0.8382
 2218  0.8382
 2219  0.8382
 2220  0.8382
 2221  0.8382
 2222  0.8382
 2223  0.8382
 2224  0.8382
 2225  0.8382
 2226  0.8382
 2227  0.8382
 2228  0.8382
 2229  0.8382
 2230  0.8382
 2231  0.8382
 2232  0.8382
 2233  0.8382
 2234  0.8382
 2235  0.8382
 2236  0.8382
 2237  0.8382
 2238  0.8382
 2239  0.8382
 2240  0.8382
 2241  0.8382
 2242  0.8382
 2243  0.8382
 2244  0.8382
 2245  0.8382
 2246  0.8382
 2247  0.8382
 2248  0.8382
 2249  0.8382
 2250  0.8382
 2251  0.8382
 2252  0.8382
 2253  0.8382
 2254  0.8382
 2255  0.8382
 2256  0.8382
 2257  0.8382
 2258  0.8382
 2259  0.8382
 2260  0.8382
 2261  0.8382
 2262  0.8382
 2263  0.8382
 2264  0.8382
 2265  0.8382
 2266  0.8382
 2267  0.8382
 2268  0.8382
 2269  0.8382
 2270  0.8382
 2271  0.8382
 2272  0.8382
 2273  0.8382
 2274  0.8382
 2275  0.8382
 2276  0.8382
 2277  0.8382
 2278  0.8382
 2279  0.8382
 2280  0.8382
 2281  0.8382
 2282  0.8382
 2283  0.8382
 2284  0.8382
 2285  0.8382
 2286  0.8382
 2287  0.8382
 2288  0.8382
 2289  0.8382
 2290  0.8382
 2291  0.8382
 2292  0.8382
 2293  0.8382
 2294  0.8382
 2295  0.8382
 2296  0.8382
 2297  0.8382
 2298  0.8382
 2299  0.8382
 2300  0.8382
 2301  0.8382
 2302  0.8382
 2303  0.8382
 2304  0.8382
 2305  0.8382
 2306  0.8382
 2307  0.8382
 2308  0.8382
 2309  0.8382
 2310  0.8382
 2311  0.8382
 2312  0.8382
 2313  0.8382
 2314  0.8382
 2315  0.8382
 2316  0.8382
 2317  0.8382
 2318  0.8382
 2319  0.8382
 2320  0.8382
 2321  0.8382
 2322  0.8382
 2323  0.8382
 2324  0.8382
 2325  0.8382
 2326  0.8382
 2327  0.8382
 2328  0.8382
 2329  0.8382
 2330  0.8382
 2331  0.8382
 2332  0.8382
 2333  0.8382
 2334  0.8382
 2335  0.8382
 2336  0.8382
 2337  0.8382
 2338  0.8382
 2339  0.8382
 2340  0.8382
 2341  0.8382
 2342  0.8382
 2343  0.8382
 2344  0.8382
 2345  0.8382
 2346  0.8382
 2347  0.8382
 2348  0.8382
 2349  0.8382
 2350  0.8382
 2351  0.8382
 2352  0.8382
 2353  0.8382
 2354  0.8382
 2355  0.8382
 2356  0.8382
 2357  0.8382
 2358  0.8382
 2359  0.8382
 2360  0.8382
 2361  0.8382
 2362  0.8382
 2363  0.8382
 2364  0.8382
 2365  0.8382
 2366  0.8382
 2367  0.8382
 2368  0.8382
 2369  0.8382
 2370  0.8382
 2371  0.8382
 2372  0.8382
 2373  0.8382
 2374  0.8382
 2375  0.8382
 2376  0.8382
 2377  0.8382
 2378  0.8382
 2379  0.8382
 2380  0.8382
 2381  0.8382
 2382  0.8382
 2383  0.8382
 2384  0.8382
 2385  0.8382
 2386  0.8382
 2387  0.8382
 2388  0.8382
 2389  0.8382
 2390  0.8382
 2391  0.8382
 2392  0.8382
 2393  0.8382
 2394  0.8382
 2395  0.8382
 2396  0.8382
 2397  0.8382
 2398  0.8382
 2399  0.8382
 2400  0.8382
 2401  0.8382
 2402  0.8382
 2403  0.8382
 2404  0.8382
 2405  0.8382
 2406  0.8382
 2407  0.8382
 2408  0.8382
 2409  0.8382
 2410  0.8382
 2411  0.8382
 2412  0.8382
 2413  0.8382
 2414  0.8382
 2415  0.8382
 2416  0.8382
 2417  0.8382
 2418  0.8382
 2419  0.8382
 2420  0.8382
 2421  0.8382
 2422  0.8382
 2423  0.8382
 2424  0.8382
 2425  0.8382
 2426  0.8382
 2427  0.8382
 2428  0.8382
 2429  0.8382
 2430  0.8382
 2431  0.8382
 2432  0.8382
 2433  0.8382
 2434  0.8382
 2435  0.8382
 2436  0.8382
 2437  0.8382
 2438  0.8382
 2439  0.8382
 2440  0.8382
 2441  0.8382
 2442  0.8382
 2443  0.8382
 2444  0.8382
 2445  0.8382
 2446  0.8382
 2447  0.8382
 2448  0.8382
 2449  0.8382
 2450  0.8382
 2451  0.8382
 2452  0.8382
 2453  0.8382
 2454  0.8382
 2455  0.8382
 2456  0.8382
 2457  0.8382
 2458  0.8382
 2459  0.8382
 2460  0.8382
 2461  0.8382
 2462  0.8382
 2463  0.8382
 2464  0.8382
 2465  0.8382
 2466  0.8382
 2467  0.8382
 2468  0.8382
 2469  0.8382
 2470  0.8382
 2471  0.8382
 2472  0.8382
 2473  0.8382
 2474  0.8382
 2475  0.8382
 2476  0.8382
 2477  0.8382
 2478  0.8382
 2479  0.8382
 2480  0.8382
 2481  0.8382
 2482  0.8382
 2483  0.8382
 2484  0.8382
 2485  0.8382
 2486  0.8382
 2487  0.8382
 2488  0.8382
 2489  0.8382
 2490  0.8382
 2491  0.8382
 2492  0.8382
 2493  0.8382
 2494  0.8382
 2495  0.8382
 2496  0.8382
 2497  0.8382
 2498  0.8382
 2499  0.8382
 2500  0.8382
 2501  0.8382
 2502  0.8382
 2503  0.8382
 2504  0.8382
 2505  0.8382
 2506  0.8382
 2507  0.8382
 2508  0.8382
 2509  0.8382
 2510  0.8382
 2511  0.8382
 2512  0.8382
 2513  0.8382
 2514  0.8382
 2515  0.8382
 2516  0.8382
 2517  0.8382
 2518  0.8382
 2519  0.8382
 2520  0.8382
 2521  0.8382
 2522  0.8382
 2523  0.8382
 2524  0.8382
 2525  0.8382
 2526  0.8382
 2527  0.8382
 2528  0.8382
 2529  0.8382
 2530  0.8382
 2531  0.8382
 2532  0.8382
 2533  0.8382
 2534  0.8382
 2535  0.8382
 2536  0.8382
 2537  0.8382
 2538  0.8382
 2539  0.8382
 2540  0.8382
 2541  0.8382
 2542  0.8382
 2543  0.8382
 2544  0.8382
 2545  0.8382
 2546  0.8382
 2547  0.8382
 2548  0.8382
 2549  0.8382
 2550  0.8382
 2551  0.8382
 2552  0.8382
 2553  0.8382
 2554  0.8382
 2555  0.8382
 2556  0.8382
 2557  0.8382
 2558  0.8382
 2559  0.8382
 2560  0.8382
 2561  0.8382
 2562  0.8382
 2563  0.8382
 2564  0.8382
 2565  0.8382
 2566  0.8382
 2567  0.8382
 2568  0.8382
 2569  0.8382
 2570  0.8382
 2571  0.8382
 2572  0.8382
 2573  0.8382
 2574  0.8382
 2575  0.8382
 2576  0.8382
 2577  0.8382
 2578  0.8382
 2579  0.8382
 2580  0.8382
 2581  0.8382
 2582  0.8382
 2583  0.8382
 2584  0.8382
 2585  0.8382
 2586  0.8382
 2587  0.8382
 2588  0.8382
 2589  0.8382
 2590  0.8382
 2591  0.8382
 2592  0.8382
 2593  0.8382
 2594  0.8382
 2595  0.8382
 2596  0.8382
 2597  0.8382
 2598  0.8382
 2599  0.8382
 2600  0.8382
 2601  0.8382
 2602  0.8382
 2603  0.8382
 2604  0.8382
 2605  0.8382
 2606  0.8382
 2607  0.8382
 2608  0.8382
 2609  0.8382
 2610  0.8382
 2611  0.8382
 2612  0.8382
 2613  0.8382
 2614  0.8382
 2615  0.8382
 2616  0.8382
 2617  0.8382
 2618  0.8382
 2619  0.8382
 2620  0.8382
 2621  0.8382
 2622  0.8382
 2623  0.8382
 2624  0.8382
 2625  0.8382
 2626  0.8382
 2627  0.8382
 2628  0.8382
 2629  0.8382
 2630  0.8382
 2631  0.8382
 2632  0.8382
 2633  0.8382
 2634  0.8382
 2635  0.8382
 2636  0.8382
 2637  0.8382
 2638  0.8382
 2639  0.8382
 2640  0.8382
 2641  0.8382
 2642  0.8382
 2643  0.8382
 2644  0.8382
 2645  0.8382
 2646  0.8382
 2647  0.8382
 2648  0.8382
 2649  0.8382
 2650  0.8382
 2651  0.8382
 2652  0.8382
 2653  0.8382
 2654  0.8382
 2655  0.8382
 2656  0.8382
 2657  0.8382
 2658  0.8382
 2659  0.8382
 2660  0.8382
 2661  0.8382
 2662  0.8382
 2663  0.8382
 2664  0.8382
 2665  0.8382
 2666  0.8382
 2667  0.8382
 2668  0.8382
 2669  0.8382
 2670  0.8382
 2671  0.8382
 2672  0.8382
 2673  0.8382
 2674  0.8382
 2675  0.8382
 2676  0.8382
 2677  0.8382
 2678  0.8382
 2679  0.8382
 2680  0.8382
 2681  0.8382
 2682  0.8382
 2683  0.8382
 2684  0.8382
 2685  0.8382
 2686  0.8382
 2687  0.8382
 2688  0.8382
 2689  0.8382
 2690  0.8382
 2691  0.8382
 2692  0.8382
 2693  0.8382
 2694  0.8382
 2695  0.8382
 2696  0.8382
 2697  0.8382
 2698  0.8382
 2699  0.8382
 2700  0.8382
 2701  0.8382
 2702  0.8382
 2703  0.8382
 2704  0.8382
 2705  0.8382
 2706  0.8382
 2707  0.8382
 2708  0.8382
 2709  0.8382
 2710  0.8382
 2711  0.8382
 2712  0.8382
 2713  0.8382
 2714  0.8382
 2715  0.8382
 2716  0.8382
 2717  0.8382
 2718  0.8382
 2719  0.8382
 2720  0.8382
 2721  0.8382
 2722  0.8382
 2723  0.8382
 2724  0.8382
 2725  0.8382
 2726  0.8382
 2727  0.8382
 2728  0.8382
 2729  0.8382
 2730  0.8382
 2731  0.8382
 2732  0.8382
 2733  0.8382
 2734  0.8382
 2735  0.8382
 2736  0.8382
 2737  0.8382
 2738  0.8382
 2739  0.8382
 2740  0.8382
 2741  0.8382
 2742  0.8382
 2743  0.8382
 2744  0.8382
 2745  0.8382
 2746  0.8382
 2747  0.8382
 2748  0.8382
 2749  0.8382
 2750  0.8382
 2751  0.8382
 2752  0.8382
 2753  0.8382
 2754  0.8382
 2755  0.8382
 2756  0.8382
 2757  0.8382
 2758  0.8382
 2759  0.8382
 2760  0.8382
 2761  0.8382
 2762  0.8382
 2763  0.8382
 2764  0.8382
 2765  0.8382
 2766  0.8382
 2767  0.8382
 2768  0.8382
 2769  0.8382
 2770  0.8382
 2771  0.8382
 2772  0.8382
 2773  0.8382
 2774  0.8382
 2775  0.8382
 2776  0.8382
 2777  0.8382
 2778  0.8382
 2779  0.8382
 2780  0.8382
 2781  0.8382
 2782  0.8382
 2783  0.8382
 2784  0.8382
 2785  0.8382
 2786  0.8382
 2787  0.8382
 2788  0.8382
 2789  0.8382
 2790  0.8382
 2791  0.8382
 2792  0.8382
 2793  0.8382
 2794  0.8382
 2795  0.8382
 2796  0.8382
 2797  0.8382
 2798  0.8382
 2799  0.8382
 2800  0.8382
 2801  0.8382
 2802  0.8382
 2803  0.8382
 2804  0.8382
 2805  0.8382
 2806  0.8382
 2807  0.8382
 2808  0.8382
 2809  0.8382
 2810  0.8382
 2811  0.8382
 2812  0.8382
 2813  0.8382
 2814  0.8382
 2815  0.8382
 2816  0.8382
 2817  0.8382
 2818  0.8382
 2819  0.8382
 2820  0.8382
 2821  0.8382
 2822  0.8382
 2823  0.8382
 2824  0.8382
 2825  0.8382
 2826  0.8382
 2827  0.8382
 2828  0.8382
 2829  0.8382
 2830  0.8382
 2831  0.8382
 2832  0.8382
 2833  0.8382
 2834  0.8382
 2835  0.8382
 2836  0.8382
 2837  0.8382
 2838  0.8382
 2839  0.8382
 2840  0.8382
 2841  0.8382
 2842  0.8382
 2843  0.8382
 2844  0.8382
 2845  0.8382
 2846  0.8382
 2847  0.8382
 2848  0.8382
 2849  0.8382
 2850  0.8382
 2851  0.8382
 2852  0.8382
 2853  0.8382
 2854  0.8382
 2855  0.8382
 2856  0.8382
 2857  0.8382
 2858  0.8382
 2859  0.8382
 2860  0.8382
 2861  0.8382
 2862  0.8382
 2863  0.8382
 2864  0.8382
 2865  0.8382
 2866  0.8382
 2867  0.8382
 2868  0.8382
 2869  0.8382
 2870  0.8382
 2871  0.8382
 2872  0.8382
 2873  0.8382
 2874  0.8382
 2875  0.8382
 2876  0.8382
 2877  0.8382
 2878  0.8382
 2879  0.8382
 2880  0.8382
 2881  0.8382
 2882  0.8382
 2883  0.8382
 2884  0.8382
 2885  0.8382
 2886  0.8382
 2887  0.8382
 2888  0.8382
 2889  0.8382
 2890  0.8382
 2891  0.8382
 2892  0.8382
 2893  0.8382
 2894  0.8382
 2895  0.8382
 2896  0.8382
 2897  0.8382
 2898  0.8382
 2899  0.8382
 2900  0.8382
 2901  0.8382
 2902  0.8382
 2903  0.8382
 2904  0.8382
 2905  0.8382
 2906  0.8382
 2907  0.8382
 2908  0.8382
 2909  0.8382
 2910  0.8382
 2911  0.8382
 2912  0.8382
 2913  0.8382
 2914  0.8382
 2915  0.8382
 2916  0.8382
 2917  0.8382
 2918  0.8382
 2919  0.8382
 2920  0.8382
 2921  0.8382
 2922  0.8382
 2923  0.8382
 2924  0.8382
 2925  0.8382
 2926  0.8382
 2927  0.8382
 2928  0.8382
 2929  0.8382
 2930  0.8382
 2931  0.8382
 2932  0.8382
 2933  0.8382
 2934  0.8382
 2935  0.8382
 2936  0.8382
 2937  0.8382
 2938  0.8382
 2939  0.8382
 2940  0.8382
 2941  0.8382
 2942  0.8382
 2943  0.8382
 2944  0.8382
 2945  0.8382
 2946  0.8382
 2947  0.8382
 2948  0.8382
 2949  0.8382
 2950  0.8382
 2951  0.8382
 2952  0.8382
 2953  0.8382
 2954  0.8382
 2955  0.8382
 2956  0.8382
 2957  0.8382
 2958  0.8382
 2959  0.8382
 2960  0.8382
 2961  0.8382
 2962  0.8382
 2963  0.8382
 2964  0.8382
 2965  0.8382
 2966  0.8382
 2967  0.8382
 2968  0.8382
 2969  0.8382
 2970  0.8382
 2971  0.8382
 2972  0.8382
 2973  0.8382
 2974  0.8382
 2975  0.8382
 2976  0.8382
 2977  0.8382
 2978  0.8382
 2979  0.8382
 2980  0.8382
 2981  0.8382
 2982  0.8382
 2983  0.8382
 2984  0.8382
 2985  0.8382
 2986  0.8382
 2987  0.8382
 2988  0.8382
 2989  0.8382
 2990  0.8382
 2991  0.8382
 2992  0.8382
 2993  0.8382
 2994  0.8382
 2995  0.8382
 2996  0.8382
 2997  0.8382
 2998  0.8382
 2999  0.8382
 3000  0.8382
