   7.4317758e+03
   7.4171652e+03
   7.5742453e+03
   6.8870192e+03
   7.0084693e+03
   5.9729076e+03
   6.8144081e+03
   5.9059429e+03
   5.9995359e+03
   6.9423073e+03
   6.7875027e+03
   5.3531981e+03
   6.7639726e+03
   5.1759371e+03
   6.3623431e+03
   6.2395031e+03
   5.9304072e+03
   6.8106722e+03
   7.0708434e+03
   6.8882724e+03
   5.7250591e+03
   6.4034653e+03
   6.1689152e+03
   6.4391809e+03
   6.0436426e+03
   6.9532428e+03
   5.3493084e+03
   6.4478371e+03
   6.8370983e+03
   6.1993858e+03
   5.9742500e+03
   6.8881416e+03
   5.4505233e+03
   5.7820569e+03
   6.3364929e+03
   7.3343233e+03
   6.4184708e+03
   7.3592527e+03
   5.6117055e+03
   6.1735050e+03
   6.6898364e+03
   6.2395018e+03
   5.6101363e+03
   5.9557458e+03
   5.9472876e+03
   5.8913543e+03
   6.5835950e+03
   7.1201600e+03
   5.9969320e+03
   6.7225297e+03
   7.0048996e+03
   6.5519890e+03
   6.7869367e+03
   6.5380827e+03
   6.4170360e+03
   6.3690489e+03
   7.0350178e+03
   6.1115198e+03
   7.0499339e+03
   7.0735657e+03
   6.5563836e+03
   5.8640857e+03
   6.8282890e+03
   6.3735741e+03
   5.8864817e+03
   5.4297550e+03
   5.3287496e+03
   6.0481349e+03
   6.4147559e+03
   5.4816744e+03
   4.8796682e+03
   6.1141790e+03
   5.3698310e+03
   5.8050646e+03
   6.4842277e+03
   4.9823799e+03
   5.6664172e+03
   5.1206321e+03
   5.0637294e+03
   5.5803515e+03
   4.9377861e+03
   6.1603141e+03
   6.4170021e+03
   6.1887978e+03
   6.7454899e+03
   6.7588724e+03
   6.7346941e+03
   6.5938776e+03
   6.2936848e+03
   6.5852693e+03
   6.8885484e+03
   6.2385348e+03
   6.0627065e+03
   6.3047773e+03
   6.2852973e+03
   7.2508771e+03
   7.3059598e+03
   8.0876576e+03
   7.3064131e+03
   6.3315950e+03
   8.2548606e+03
   6.7837355e+03
   7.4104050e+03
   8.0933870e+03
   7.6878701e+03
   7.9156909e+03
   7.4814344e+03
   8.3887183e+03
   7.9853438e+03
   7.6550715e+03
   8.1611449e+03
   6.3630049e+03
   6.5182510e+03
   6.7586688e+03
   6.4109487e+03
   6.5646843e+03
   7.7115192e+03
   6.5087585e+03
   7.3532891e+03
   6.2660798e+03
   7.0604350e+03
   6.5793834e+03
   7.2496408e+03
   5.8159883e+03
   6.5236820e+03
   7.7114481e+03
   6.1092408e+03
   6.7127579e+03
   6.3763103e+03
   5.8796250e+03
   6.5055618e+03
   6.1446000e+03
   6.5878963e+03
   7.7984958e+03
   7.6460911e+03
   7.0426273e+03
   7.8583548e+03
   7.6181087e+03
   7.7564027e+03
   6.4422044e+03
   8.0893263e+03
   7.4114128e+03
   8.0884331e+03
   7.0283229e+03
   6.9929254e+03
   6.9601130e+03
   7.2415044e+03
   7.1216120e+03
   7.8674062e+03
   7.5066276e+03
   7.7287918e+03
   7.4418308e+03
   7.0927759e+03
   6.3303864e+03
   7.7330523e+03
   6.4652696e+03
   6.1466985e+03
   7.6480369e+03
   6.0032093e+03
   6.4167808e+03
   5.9087562e+03
   7.1584431e+03
   6.8344807e+03
   5.7563277e+03
   6.5729247e+03
   7.2915481e+03
   7.3761544e+03
   6.8254336e+03
   6.0944608e+03
   7.3099699e+03
   6.2538751e+03
   7.1988496e+03
   5.4846465e+03
   7.2460327e+03
   5.5312967e+03
   5.5500010e+03
   5.8310158e+03
   6.8719622e+03
   5.7542938e+03
   7.1353562e+03
   7.4448437e+03
   6.0479766e+03
   7.3340962e+03
   6.6101108e+03
   7.2966739e+03
   6.6252282e+03
   7.1042290e+03
   6.8458457e+03
   6.8926876e+03
   7.9588684e+03
   6.7789912e+03
   7.7826097e+03
   6.5315156e+03
   6.3984598e+03
   7.4353581e+03
   8.1017283e+03
   7.4182099e+03
   7.5160432e+03
   7.6205214e+03
   7.8522539e+03
   7.4476690e+03
   7.2410538e+03
   8.2931357e+03
   6.9010748e+03
   8.1430289e+03
   7.8429316e+03
   7.2645039e+03
   8.2577084e+03
   8.1183303e+03
   7.3881095e+03
   8.7873178e+03
   9.1546912e+03
   9.1927186e+03
   7.3766075e+03
   8.5129585e+03
   7.6776459e+03
   9.1947168e+03
   9.1777064e+03
   7.4542425e+03
   9.0881383e+03
   8.7339151e+03
   8.4254658e+03
   7.6180565e+03
   8.4293163e+03
   8.8252596e+03
   7.3471509e+03
   9.0281395e+03
   8.1637542e+03
   7.8417620e+03
   8.1340851e+03
   7.4868283e+03
   8.4780522e+03
   7.1108264e+03
   7.8129838e+03
   7.0373988e+03
   7.8882804e+03
   6.8122328e+03
   8.4370172e+03
   7.0063939e+03
   6.6076273e+03
   8.1285290e+03
   7.6671779e+03
   7.6817683e+03
   7.2281302e+03
   6.6372951e+03
   8.1365400e+03
   7.0602512e+03
   6.8196960e+03
   7.9525704e+03
   6.7123614e+03
   8.0888447e+03
   8.5623938e+03
   6.7186910e+03
   7.2720370e+03
   8.4865106e+03
   7.6319982e+03
   6.7819141e+03
   8.6270760e+03
   7.3747921e+03
   8.5968059e+03
   6.9585529e+03
   8.0025635e+03
   8.0109249e+03
   7.5438611e+03
   8.8200057e+03
   8.2635800e+03
   8.4276312e+03
   7.0752021e+03
   7.9449251e+03
   7.4541634e+03
   8.8695354e+03
   7.5359014e+03
   8.0531087e+03
   7.4483774e+03
   8.4754384e+03
   8.2743630e+03
   7.5120431e+03
   7.7617876e+03
   8.4237211e+03
   8.7889220e+03
   8.1013725e+03
   8.2090095e+03
   9.2509605e+03
   9.5810446e+03
   8.4658332e+03
   9.1938606e+03
   8.1164145e+03
   8.9353411e+03
   8.6742169e+03
   8.3095875e+03
   8.1937789e+03
   9.4710534e+03
   9.3291872e+03
   9.2137283e+03
   9.1183268e+03
   8.8899171e+03
   7.9248014e+03
   9.5268357e+03
   8.4596998e+03
   9.4432528e+03
   8.7310590e+03
   9.3896797e+03
   7.9398538e+03
   8.3221899e+03
   8.0730705e+03
   7.6102110e+03
   8.2535326e+03
   9.3033449e+03
   9.4667982e+03
   9.1315842e+03
   8.3594803e+03
   9.3395483e+03
   8.2838758e+03
   7.4203696e+03
   7.8110508e+03
   8.6985921e+03
   8.9268864e+03
   8.2948861e+03
   8.8424244e+03
   8.4628476e+03
   8.8084924e+03
   8.7419010e+03
   8.6279347e+03
   7.9590781e+03
   7.6964285e+03
   7.4984258e+03
   8.8857481e+03
   8.0151542e+03
   8.9069846e+03
   8.5307631e+03
   8.0578323e+03
   8.2375617e+03
   9.0411902e+03
   9.8513001e+03
   9.3824783e+03
   9.4869004e+03
   1.0046258e+04
   9.3920903e+03
   8.5722178e+03
   9.1345721e+03
   9.3432824e+03
   8.3575076e+03
   1.0255869e+04
   1.0130723e+04
   9.7170037e+03
   1.0208365e+04
   1.0220077e+04
   9.1084997e+03
   1.0143205e+04
   1.0591857e+04
   8.8282764e+03
   1.0233390e+04
   1.0655573e+04
   1.0667838e+04
   9.4655655e+03
   1.0561184e+04
   1.0524269e+04
   8.9087521e+03
   9.8225712e+03
   9.9002711e+03
   9.0984662e+03
   9.4636003e+03
   9.4721819e+03
   9.8844523e+03
   1.0218773e+04
   9.9946444e+03
   9.7062685e+03
   1.0884852e+04
   9.6559675e+03
   9.3280075e+03
   1.0922580e+04
   9.6347793e+03
   9.6538102e+03
   9.5758796e+03
   1.0638673e+04
   1.0685088e+04
   9.7163571e+03
   9.8361762e+03
   9.1174840e+03
   1.0277586e+04
   9.9978251e+03
   9.6816781e+03
   9.1687359e+03
   9.2547400e+03
   9.8864669e+03
   9.2938493e+03
   1.0142860e+04
   1.0600644e+04
   1.0895411e+04
   1.0188090e+04
   1.0608208e+04
   1.1045937e+04
   1.0532193e+04
   1.0535106e+04
   1.0729800e+04
   1.1001365e+04
   1.0190745e+04
   1.1013300e+04
   1.0144448e+04
   1.1759801e+04
   1.0980587e+04
   1.1102538e+04
   1.0799553e+04
   1.1611599e+04
   1.2527946e+04
   1.2426924e+04
   1.0936686e+04
   1.1105104e+04
   1.2738109e+04
   1.1647727e+04
   1.2826896e+04
   1.1582887e+04
   1.2550720e+04
   1.2530783e+04
   1.1580358e+04
   1.3543844e+04
   1.2343724e+04
   1.3171112e+04
   1.2708180e+04
   1.1975741e+04
   1.2165015e+04
   1.3380256e+04
   1.3413285e+04
   1.2613871e+04
   1.3400669e+04
   1.1896618e+04
   1.2069239e+04
   1.2914964e+04
   1.2488042e+04
   1.3400437e+04
   1.1932630e+04
   1.3415583e+04
   1.2702261e+04
   1.2578337e+04
   1.3658006e+04
   1.2457772e+04
   1.2548168e+04
   1.3350671e+04
   1.3692808e+04
   1.2029169e+04
   1.3629841e+04
   1.2790056e+04
   1.2899118e+04
   1.3789667e+04
   1.3817766e+04
   1.3171306e+04
   1.3858933e+04
   1.3165843e+04
   1.2687948e+04
   1.2293486e+04
   1.3976266e+04
   1.4082334e+04
   1.3886218e+04
   1.2750456e+04
   1.3015317e+04
   1.3359567e+04
   1.2582384e+04
   1.3608372e+04
   1.4313790e+04
   1.3449120e+04
   1.3706722e+04
   1.3069552e+04
   1.3372696e+04
   1.4435657e+04
   1.2819936e+04
   1.2905178e+04
   1.2696482e+04
   1.4182813e+04
   1.3611460e+04
   1.2864857e+04
   1.3079190e+04
   1.3717184e+04
   1.4202236e+04
   1.3497678e+04
   1.4398229e+04
   1.4054639e+04
   1.3207054e+04
   1.4593724e+04
   1.4894185e+04
   1.3039507e+04
   1.4546789e+04
   1.4680014e+04
   1.3587217e+04
   1.3785435e+04
   1.3137508e+04
   1.4265384e+04
   1.4423915e+04
   1.3670315e+04
   1.3287011e+04
   1.4427313e+04
   1.4998983e+04
   1.3837544e+04
   1.4635063e+04
   1.3897451e+04
   1.4046360e+04
   1.3550496e+04
   1.3957087e+04
   1.4778724e+04
   1.4040415e+04
   1.4386164e+04
   1.4026895e+04
